Key: 197
Fitness: 0.8818895335739981
Nodes:
	0 DefaultNodeGene(key=0, bias=-0.5572080271208976, response=1.0, activation=sigmoid, aggregation=sum)
	393 DefaultNodeGene(key=393, bias=-1.3605562697138833, response=1.0, activation=sigmoid, aggregation=sum)
	394 DefaultNodeGene(key=394, bias=-0.17972633298138932, response=1.0, activation=sigmoid, aggregation=sum)
Connections:
	DefaultConnectionGene(key=(-2, 0), weight=0.8493886994873572, enabled=True)
	DefaultConnectionGene(key=(-2, 394), weight=-0.772605595036855, enabled=True)
	DefaultConnectionGene(key=(-1, 0), weight=0.41221475520299433, enabled=True)
	DefaultConnectionGene(key=(-1, 393), weight=0.6373888213272906, enabled=True)
	DefaultConnectionGene(key=(-1, 394), weight=0.5096082983786268, enabled=True)
	DefaultConnectionGene(key=(394, 0), weight=0.22330219942988455, enabled=True)
	DefaultConnectionGene(key=(394, 394), weight=0.42354841044132685, enabled=True)