,trial,prior_node,posterior_node,weight
0,0,1254,1254,0.0
1,0,-2,1254,0.0
2,0,11209,0,0.0
3,0,19410,0,0.0
4,0,19410,1253,0.0
5,0,1253,1253,0.0
6,0,1253,11209,0.0
7,0,0,11209,0.0
8,0,19410,11209,0.0
9,0,-2,17993,0.0
10,0,0,17993,0.0
11,0,162547,17993,0.0
12,0,-2,19633,0.0
13,0,234414,19633,0.0
14,0,309719,19633,0.0
15,0,-1,19410,0.0
16,0,19410,19410,0.0
17,0,145606,162547,0.0
18,0,117172,145606,0.0
19,0,369433,145606,0.0
20,0,117172,234414,0.0
21,0,234414,117172,0.0
22,0,0,309719,0.0
23,1,1254,1254,0.03479843496646026
24,1,-2,1254,0.025785272926418332
25,1,11209,0,0.05106954454205333
26,1,19410,0,0.03551038249116105
27,1,19410,1253,0.03913398453706289
28,1,1253,1253,0.04419956549206616
29,1,1253,11209,0.044664602396046686
30,1,0,11209,0.05106954454205333
31,1,19410,11209,0.05516972414375314
32,1,-2,17993,0.05146568996278365
33,1,0,17993,0.04813901775522553
34,1,162547,17993,0.12246460525762956
35,1,-2,19633,0.06559749878087068
36,1,234414,19633,0.11251518987968616
37,1,309719,19633,0.08389924308970689
38,1,-1,19410,0.03769133610481099
39,1,19410,19410,0.05464090074184234
40,1,145606,162547,0.18958205488946242
41,1,117172,145606,0.09505959814690111
42,1,369433,145606,0.024978374439105503
43,1,117172,234414,0.06074186190364467
44,1,234414,117172,0.06074186190364467
45,1,0,309719,0.03582404307916055
46,2,1254,1254,0.08957470908716002
47,2,-2,1254,0.061191850357308175
48,2,11209,0,0.06007086562017082
49,2,19410,0,0.04574782649446302
50,2,19410,1253,0.05634872541814642
51,2,1253,1253,0.06797739658439407
52,2,1253,11209,0.05852282620402383
53,2,0,11209,0.06007086562017082
54,2,19410,11209,0.07295606640810978
55,2,-2,17993,0.07815171425678318
56,2,0,17993,0.0639047261754995
57,2,162547,17993,0.1849210032928481
58,2,-2,19633,0.1092836623589748
59,2,234414,19633,0.15162387713515368
60,2,309719,19633,0.12786173810660073
61,2,-1,19410,0.06466497310021131
62,2,19410,19410,0.09005914613448861
63,2,145606,162547,0.32041240710421226
64,2,117172,145606,0.1536934539312619
65,2,369433,145606,0.039909577714765616
66,2,117172,234414,0.07958738454646491
67,2,234414,117172,0.07958738454646491
68,2,0,309719,0.04462267674187424
69,3,1254,1254,0.122191353356416
70,3,-2,1254,0.08394164720080381
71,3,11209,0,0.06977765599919321
72,3,19410,0,0.053468016242150945
73,3,19410,1253,0.07013986992493045
74,3,1253,1253,0.08908183220702419
75,3,1253,11209,0.07105205815336123
76,3,0,11209,0.06977765599919321
77,3,19410,11209,0.08862781316020894
78,3,-2,17993,0.09815590113370724
79,3,0,17993,0.07732851481736586
80,3,162547,17993,0.22847369190305167
81,3,-2,19633,0.13985709995191553
82,3,234414,19633,0.18165739956682428
83,3,309719,19633,0.15952162440196144
84,3,-1,19410,0.08409422404621847
85,3,19410,19410,0.11652173649558899
86,3,145606,162547,0.41179513058783856
87,3,117172,145606,0.19474781672344268
88,3,369433,145606,0.050398512398146966
89,3,117172,234414,0.09410876736680311
90,3,234414,117172,0.09410876736680311
91,3,0,309719,0.05144923958038267
92,4,1254,1254,0.14726027950062268
93,4,-2,1254,0.09897503616788557
94,4,11209,0,0.0776423498861192
95,4,19410,0,0.05626995550628136
96,4,19410,1253,0.07627363480043312
97,4,1253,1253,0.10127763996202711
98,4,1253,11209,0.07671241906486427
99,4,0,11209,0.0776423498861192
100,4,19410,11209,0.09464682467213405
101,4,-2,17993,0.11036436905015799
102,4,0,17993,0.08623014126359614
103,4,162547,17993,0.2579009069514213
104,4,-2,19633,0.16013462419498148
105,4,234414,19633,0.20502240571286445
106,4,309719,19633,0.18323487223843798
107,4,-1,19410,0.09319454954697835
108,4,19410,19410,0.12792824975317252
109,4,145606,162547,0.4830610756456539
110,4,117172,145606,0.227023556298022
111,4,369433,145606,0.058270033069099246
112,4,117172,234414,0.10573387162449188
113,4,234414,117172,0.10573387162449188
114,4,0,309719,0.05648730776207317
115,5,1254,1254,0.14919300327281806
116,5,-2,1254,0.10724169135311522
117,5,11209,0,0.08961209788451832
118,5,19410,0,0.06427851866211375
119,5,19410,1253,0.09036502129833104
120,5,1253,1253,0.12429190598820472
121,5,1253,11209,0.09156987116777406
122,5,0,11209,0.08961209788451832
123,5,19410,11209,0.11171684769664507
124,5,-2,17993,0.12485579796574581
125,5,0,17993,0.09406888949487699
126,5,162547,17993,0.27686751087046196
127,5,-2,19633,0.1773789355100351
128,5,234414,19633,0.22496768523354918
129,5,309719,19633,0.19911806587317057
130,5,-1,19410,0.10787502088044124
131,5,19410,19410,0.14875328404087065
132,5,145606,162547,0.520277599378334
133,5,117172,145606,0.24382340245572848
134,5,369433,145606,0.06235719247411027
135,5,117172,234414,0.1152718617586958
136,5,234414,117172,0.1152718617586958
137,5,0,309719,0.06195905304486655
138,6,1254,1254,0.17718844891787422
139,6,-2,1254,0.1185285276660483
140,6,11209,0,0.08381306262044212
141,6,19410,0,0.06281543623225724
142,6,19410,1253,0.08665740684475845
143,6,1253,1253,0.1211968570874741
144,6,1253,11209,0.08599521331362434
145,6,0,11209,0.08381306262044212
146,6,19410,11209,0.10437581796207765
147,6,-2,17993,0.12855613084052184
148,6,0,17993,0.09466721384860424
149,6,162547,17993,0.291207448349067
150,6,-2,19633,0.18489917426951813
151,6,234414,19633,0.22737866210155705
152,6,309719,19633,0.20767513198795762
153,6,-1,19410,0.10877906078236373
154,6,19410,19410,0.14810971640699797
155,6,145606,162547,0.5549741193673593
156,6,117172,145606,0.25939413645595677
157,6,369433,145606,0.0663777721096722
158,6,117172,234414,0.11661427572895043
159,6,234414,117172,0.11661427572895043
160,6,0,309719,0.06213884808854409
161,7,1254,1254,0.17606741957171435
162,7,-2,1254,0.12112898997509294
163,7,11209,0,0.08899809451533718
164,7,19410,0,0.06647423965465013
165,7,19410,1253,0.09341682801000467
166,7,1253,1253,0.13324154250008682
167,7,1253,11209,0.09349411376486234
168,7,0,11209,0.08899809451533718
169,7,19410,11209,0.11312863068116334
170,7,-2,17993,0.13604505236991252
171,7,0,17993,0.09896963601200652
172,7,162547,17993,0.3032092911902444
173,7,-2,19633,0.19279650498486958
174,7,234414,19633,0.23995771840495417
175,7,309719,19633,0.21659806762217743
176,7,-1,19410,0.1146857981679529
177,7,19410,19410,0.15671476295066314
178,7,145606,162547,0.575586653038192
179,7,117172,145606,0.2690423337352002
180,7,369433,145606,0.06891902924188964
181,7,117172,234414,0.12287348762905503
182,7,234414,117172,0.12287348762905503
183,7,0,309719,0.06530847521020752
184,8,1254,1254,0.18205245185762486
185,8,-2,1254,0.12561833683386672
186,8,11209,0,0.0918605833661795
187,8,19410,0,0.06747441532277484
188,8,19410,1253,0.0956572401462851
189,8,1253,1253,0.13960699010197344
190,8,1253,11209,0.09668468695553586
191,8,0,11209,0.0918605833661795
192,8,19410,11209,0.11606223056660547
193,8,-2,17993,0.14080071517978038
194,8,0,17993,0.1030939640788475
195,8,162547,17993,0.311316657269749
196,8,-2,19633,0.19826915952682822
197,8,234414,19633,0.2451649758331142
198,8,309719,19633,0.22161834487346166
199,8,-1,19410,0.11864571438961491
200,8,19410,19410,0.1619759155487632
201,8,145606,162547,0.5900229501370913
202,8,117172,145606,0.2757427385411496
203,8,369433,145606,0.07041654718219283
204,8,117172,234414,0.1253967712296804
205,8,234414,117172,0.1253967712296804
206,8,0,309719,0.0658297059426119
207,9,1254,1254,0.18897459727812907
208,9,-2,1254,0.12735547343624415
209,9,11209,0,0.09403339448225323
210,9,19410,0,0.06565411035870894
211,9,19410,1253,0.09276094965176007
212,9,1253,1253,0.13762937112172194
213,9,1253,11209,0.09400399414117101
214,9,0,11209,0.09403339448225323
215,9,19410,11209,0.11245388699118646
216,9,-2,17993,0.13994249767730088
217,9,0,17993,0.10357991366885662
218,9,162547,17993,0.3127110994056874
219,9,-2,19633,0.19882898459566664
220,9,234414,19633,0.24546552307323977
221,9,309719,19633,0.22406184816165972
222,9,-1,19410,0.11618097280150348
223,9,19410,19410,0.15817232995426742
224,9,145606,162547,0.6012909932286097
225,9,117172,145606,0.28053899912559654
226,9,369433,145606,0.07161055085495761
227,9,117172,234414,0.12557398442748213
228,9,234414,117172,0.12557398442748213
229,9,0,309719,0.0658439482373202
230,10,1254,1254,0.1792644042987367
231,10,-2,1254,0.12782116952612882
232,10,11209,0,0.10280957842588304
233,10,19410,0,0.07141961231467837
234,10,19410,1253,0.10269141894768259
235,10,1253,1253,0.15420346302554228
236,10,1253,11209,0.10520256564490697
237,10,0,11209,0.10280957842588304
238,10,19410,11209,0.125115541023692
239,10,-2,17993,0.14783590092866283
240,10,0,17993,0.10707575211257574
241,10,162547,17993,0.3171781691808263
242,10,-2,19633,0.20582840844059963
243,10,234414,19633,0.2550457196737522
244,10,309719,19633,0.22924946972711563
245,10,-1,19410,0.12479723740604598
246,10,19410,19410,0.1710695452096833
247,10,145606,162547,0.6071870604145737
248,10,117172,145606,0.28317270501296105
249,10,369433,145606,0.07217404795121604
250,10,117172,234414,0.13003697298170253
251,10,234414,117172,0.13003697298170253
252,10,0,309719,0.0690700486117343
253,11,1254,1254,0.19493138980026234
254,11,-2,1254,0.1339889771837951
255,11,11209,0,0.0934791001204108
256,11,19410,0,0.07036630967863391
257,11,19410,1253,0.09944771969038652
258,11,1253,1253,0.15020717028634167
259,11,1253,11209,0.10044945234589871
260,11,0,11209,0.0934791001204108
261,11,19410,11209,0.11910119071573394
262,11,-2,17993,0.14898401035277936
263,11,0,17993,0.10598983538611977
264,11,162547,17993,0.3218841855505749
265,11,-2,19633,0.20728190125422896
266,11,234414,19633,0.25041464675876907
267,11,309719,19633,0.22881522820940836
268,11,-1,19410,0.12558113541449695
269,11,19410,19410,0.17117003821506188
270,11,145606,162547,0.6120450959715573
271,11,117172,145606,0.2855729997807804
272,11,369433,145606,0.07282554500240736
273,11,117172,234414,0.12783622475497278
274,11,234414,117172,0.12783622475497278
275,11,0,309719,0.06722982176756147
276,12,1254,1254,0.1949430133726378
277,12,-2,1254,0.1373199243574137
278,12,11209,0,0.09969481702503728
279,12,19410,0,0.07334256269920189
280,12,19410,1253,0.10454732679341636
281,12,1253,1253,0.1593889277867107
282,12,1253,11209,0.10648407704048009
283,12,0,11209,0.09969481702503728
284,12,19410,11209,0.126834198963081
285,12,-2,17993,0.15352515329402708
286,12,0,17993,0.10901044020259591
287,12,162547,17993,0.3234972284358611
288,12,-2,19633,0.2117934443794337
289,12,234414,19633,0.24970725252986373
290,12,309719,19633,0.2306105217252392
291,12,-1,19410,0.13223036641243038
292,12,19410,19410,0.18201879006658328
293,12,145606,162547,0.615081589758345
294,12,117172,145606,0.28595903619867297
295,12,369433,145606,0.0732428156951394
296,12,117172,234414,0.12687504420567605
297,12,234414,117172,0.12687504420567605
298,12,0,309719,0.06746036013221146
299,13,1254,1254,0.20507496931060298
300,13,-2,1254,0.13772887711122667
301,13,11209,0,0.09323033409797524
302,13,19410,0,0.06955237829662657
303,13,19410,1253,0.09731985730260169
304,13,1253,1253,0.14844334476354526
305,13,1253,11209,0.09765475701777084
306,13,0,11209,0.09323033409797524
307,13,19410,11209,0.11668251144993112
308,13,-2,17993,0.14842321676807976
309,13,0,17993,0.1058884007049137
310,13,162547,17993,0.32136279977395965
311,13,-2,19633,0.20770709505319973
312,13,234414,19633,0.24393351913373534
313,13,309719,19633,0.22889249523399036
314,13,-1,19410,0.1253351240291559
315,13,19410,19410,0.17135905293959489
316,13,145606,162547,0.6178506904484
317,13,117172,145606,0.28709226054914755
318,13,369433,145606,0.07375530593670095
319,13,117172,234414,0.12425618327502541
320,13,234414,117172,0.12425618327502541
321,13,0,309719,0.06627439891868354
322,14,1254,1254,0.19094717569066066
323,14,-2,1254,0.1353467225802122
324,14,11209,0,0.10252704426243033
325,14,19410,0,0.0745388713698098
326,14,19410,1253,0.10625254456895634
327,14,1253,1253,0.1631520565754257
328,14,1253,11209,0.1081932139626919
329,14,0,11209,0.10252704426243033
330,14,19410,11209,0.1286740512592851
331,14,-2,17993,0.15443696913083366
332,14,0,17993,0.1089185408211563
333,14,162547,17993,0.32353007660516137
334,14,-2,19633,0.21233206119264808
335,14,234414,19633,0.2536232889124469
336,14,309719,19633,0.2328281271195878
337,14,-1,19410,0.13165071638671832
338,14,19410,19410,0.18115097902422583
339,14,145606,162547,0.619353377580138
340,14,117172,145606,0.2878703731797882
341,14,369433,145606,0.07382223541214226
342,14,117172,234414,0.12888026916467613
343,14,234414,117172,0.12888026916467613
344,14,0,309719,0.06951670254529772
345,15,1254,1254,0.2025950549930467
346,15,-2,1254,0.13909597082900035
347,15,11209,0,0.09349119984184626
348,15,19410,0,0.0725619217072296
349,15,19410,1253,0.10204452360011362
350,15,1253,1253,0.15731565372138318
351,15,1253,11209,0.10278050829523033
352,15,0,11209,0.09349119984184626
353,15,19410,11209,0.12173148167544756
354,15,-2,17993,0.15384768653054126
355,15,0,17993,0.10748504377074855
356,15,162547,17993,0.3263437706137412
357,15,-2,19633,0.21183857529580705
358,15,234414,19633,0.24983529348296982
359,15,309719,19633,0.23139624413108645
360,15,-1,19410,0.1303464821085309
361,15,19410,19410,0.17816057414249614
362,15,145606,162547,0.6205437114412515
363,15,117172,145606,0.28891191862552695
364,15,369433,145606,0.07396084047049177
365,15,117172,234414,0.12725440992965087
366,15,234414,117172,0.12725440992965087
367,15,0,309719,0.06760929022521633
368,16,1254,1254,0.20068255515929606
369,16,-2,1254,0.14111444779280796
370,16,11209,0,0.09964438566242331
371,16,19410,0,0.07494288367232912
372,16,19410,1253,0.10641184608680156
373,16,1253,1253,0.1651242705893037
374,16,1253,11209,0.10824427227583576
375,16,0,11209,0.09964438566242331
376,16,19410,11209,0.12872156651796315
377,16,-2,17993,0.15728009388257083
378,16,0,17993,0.11012262576023375
379,16,162547,17993,0.32677724121309637
380,16,-2,19633,0.21514340197927712
381,16,234414,19633,0.24925006882806836
382,16,309719,19633,0.2324893670041606
383,16,-1,19410,0.13572393822210152
384,16,19410,19410,0.187126758302025
385,16,145606,162547,0.6213295586900782
386,16,117172,145606,0.28841917741176
387,16,369433,145606,0.07407146475049098
388,16,117172,234414,0.1264338708070494
389,16,234414,117172,0.1264338708070494
390,16,0,309719,0.0677225789087544
391,17,1254,1254,0.20783268570704116
392,17,-2,1254,0.14259624895896805
393,17,11209,0,0.09318213926288701
394,17,19410,0,0.0736177449375896
395,17,19410,1253,0.10335026660393454
396,17,1253,1253,0.16006785020269151
397,17,1253,11209,0.10402617658721086
398,17,0,11209,0.09318213926288701
399,17,19410,11209,0.12410742546208811
400,17,-2,17993,0.15586023689788403
401,17,0,17993,0.10915866962434438
402,17,162547,17993,0.32815211444563264
403,17,-2,19633,0.213737345997805
404,17,234414,19633,0.24595419190737133
405,17,309719,19633,0.23137661442613588
406,17,-1,19410,0.1336548813153258
407,17,19410,19410,0.18371360789479932
408,17,145606,162547,0.62189316635397
409,17,117172,145606,0.2888542305841558
410,17,369433,145606,0.07436738618249292
411,17,117172,234414,0.12494043738239859
412,17,234414,117172,0.12494043738239859
413,17,0,309719,0.06680380751223154
414,18,1254,1254,0.2018866934425216
415,18,-2,1254,0.1427029465783429
416,18,11209,0,0.10034322756858428
417,18,19410,0,0.07560794303553643
418,18,19410,1253,0.10799897052988469
419,18,1253,1253,0.16855459897351424
420,18,1253,11209,0.11006454520363802
421,18,0,11209,0.10034322756858428
422,18,19410,11209,0.13094307519496093
423,18,-2,17993,0.1590666266837703
424,18,0,17993,0.11225960284420833
425,18,162547,17993,0.3281469708707749
426,18,-2,19633,0.21660702598126838
427,18,234414,19633,0.24849542468567187
428,18,309719,19633,0.23295429008171165
429,18,-1,19410,0.13806596591354103
430,18,19410,19410,0.19093940630003753
431,18,145606,162547,0.6223341058725671
432,18,117172,145606,0.2886254051113656
433,18,369433,145606,0.0742850958699043
434,18,117172,234414,0.12585387081857702
435,18,234414,117172,0.12585387081857702
436,18,0,309719,0.06738714674482106
437,19,1254,1254,0.20617575798478072
438,19,-2,1254,0.14601138566334237
439,19,11209,0,0.0977796634260808
440,19,19410,0,0.07659335774985672
441,19,19410,1253,0.10906337414861603
442,19,1253,1253,0.17046178706238793
443,19,1253,11209,0.1104105559279368
444,19,0,11209,0.0977796634260808
445,19,19410,11209,0.1314667375595018
446,19,-2,17993,0.16101672160374889
447,19,0,17993,0.11192293704108618
448,19,162547,17993,0.328942902470179
449,19,-2,19633,0.21874506334358548
450,19,234414,19633,0.24734582390050475
451,19,309719,19633,0.23278549089363995
452,19,-1,19410,0.14109574997596483
453,19,19410,19410,0.19517197615315812
454,19,145606,162547,0.6226293260221623
455,19,117172,145606,0.28889681237938625
456,19,369433,145606,0.07422069939751103
457,19,117172,234414,0.12523734329087355
458,19,234414,117172,0.12523734329087355
459,19,0,309719,0.06680197292721435
460,20,1254,1254,0.21150886409353645
461,20,-2,1254,0.14907110194542295
462,20,11209,0,0.09545540050539893
463,20,19410,0,0.07764333226777309
464,20,19410,1253,0.10978940540031809
465,20,1253,1253,0.17143446461872167
466,20,1253,11209,0.11046277251054074
467,20,0,11209,0.09545540050539893
468,20,19410,11209,0.13235071854557667
469,20,-2,17993,0.16244161246907224
470,20,0,17993,0.11130720432869905
471,20,162547,17993,0.32931969229566244
472,20,-2,19633,0.22018235992204555
473,20,234414,19633,0.24350340514970262
474,20,309719,19633,0.23228927162086505
475,20,-1,19410,0.14368172196433104
476,20,19410,19410,0.19944810645851083
477,20,145606,162547,0.6228143849056638
478,20,117172,145606,0.28846778221846964
479,20,369433,145606,0.0744047864734746
480,20,117172,234414,0.12307514468050336
481,20,234414,117172,0.12307514468050336
482,20,0,309719,0.06623503193587396
483,21,1254,1254,0.21647965070113986
484,21,-2,1254,0.14565318338589164
485,21,11209,0,0.09040470619305355
486,21,19410,0,0.07282344364221238
487,21,19410,1253,0.10114335253543083
488,21,1253,1253,0.15743436896118876
489,21,1253,11209,0.10060337621739997
490,21,0,11209,0.09040470619305355
491,21,19410,11209,0.12116065172261209
492,21,-2,17993,0.15448778126994822
493,21,0,17993,0.10738649401074618
494,21,162547,17993,0.3246145460935859
495,21,-2,19633,0.21318582038018793
496,21,234414,19633,0.23819150748181342
497,21,309719,19633,0.22986701413561317
498,21,-1,19410,0.13329109024005437
499,21,19410,19410,0.18391272056249972
500,21,145606,162547,0.6229581102405535
501,21,117172,145606,0.28832277092775493
502,21,369433,145606,0.07469842345127359
503,21,117172,234414,0.12077603903357709
504,21,234414,117172,0.12077603903357709
505,21,0,309719,0.06549264392018098
506,22,1254,1254,0.19837262041099135
507,22,-2,1254,0.1377730360849928
508,22,11209,0,0.09732740850937598
509,22,19410,0,0.07481510945495272
510,22,19410,1253,0.10469764854021393
511,22,1253,1253,0.1634654990114313
512,22,1253,11209,0.10593677997954591
513,22,0,11209,0.09732740850937598
514,22,19410,11209,0.12625441558970485
515,22,-2,17993,0.15587901044122116
516,22,0,17993,0.1097034980951416
517,22,162547,17993,0.32698500132535974
518,22,-2,19633,0.2126911701748469
519,22,234414,19633,0.25207308925354627
520,22,309719,19633,0.23314439695676212
521,22,-1,19410,0.13159993326861164
522,22,19410,19410,0.18127278298332505
523,22,145606,162547,0.6230873079330833
524,22,117172,145606,0.28982622718545314
525,22,369433,145606,0.07457111026643155
526,22,117172,234414,0.12830432957161564
527,22,234414,117172,0.12830432957161564
528,22,0,309719,0.06933377290118233
529,23,1254,1254,0.1994762375054637
530,23,-2,1254,0.1379133464304519
531,23,11209,0,0.09744247265957051
532,23,19410,0,0.07316208252448506
533,23,19410,1253,0.10290685078034569
534,23,1253,1253,0.16214727764103473
535,23,1253,11209,0.1051603408916694
536,23,0,11209,0.09744247265957051
537,23,19410,11209,0.12456033854711303
538,23,-2,17993,0.1552358588942453
539,23,0,17993,0.11032176801769548
540,23,162547,17993,0.32793126891189894
541,23,-2,19633,0.21214602823367776
542,23,234414,19633,0.2527472982129662
543,23,309719,19633,0.23285203236665672
544,23,-1,19410,0.1303516447235241
545,23,19410,19410,0.1787820116645142
546,23,145606,162547,0.6231978469882563
547,23,117172,145606,0.29023670394826406
548,23,369433,145606,0.07431682382564493
549,23,117172,234414,0.12874807164296717
550,23,234414,117172,0.12874807164296717
551,23,0,309719,0.06840636118807125
552,24,1254,1254,0.20089879430281105
553,24,-2,1254,0.13564630054203403
554,24,11209,0,0.09827470756834535
555,24,19410,0,0.06950796863502798
556,24,19410,1253,0.0975553303515463
557,24,1253,1253,0.15407984611601583
558,24,1253,11209,0.09982985273521257
559,24,0,11209,0.09827470756834535
560,24,19410,11209,0.11811104631792119
561,24,-2,17993,0.14996875445169744
562,24,0,17993,0.10851185432462218
563,24,162547,17993,0.3236314560058369
564,24,-2,19633,0.2080132623676725
565,24,234414,19633,0.24998315694757617
566,24,309719,19633,0.23143709808571336
567,24,-1,19410,0.1240156720197934
568,24,19410,19410,0.16949422602623995
569,24,145606,162547,0.6232939862600843
570,24,117172,145606,0.2900584830321913
571,24,369433,145606,0.07424200484004012
572,24,117172,234414,0.12750978470007235
573,24,234414,117172,0.12750978470007235
574,24,0,309719,0.06752963451956928
575,25,1254,1254,0.18970131127666875
576,25,-2,1254,0.13181382589971657
577,25,11209,0,0.1014068585240483
578,25,19410,0,0.07170588342013447
579,25,19410,1253,0.10150930581289326
580,25,1253,1253,0.15986622497110978
581,25,1253,11209,0.1045236666386811
582,25,0,11209,0.1014068585240483
583,25,19410,11209,0.12311648051166654
584,25,-2,17993,0.15222112830288595
585,25,0,17993,0.1096453904160858
586,25,162547,17993,0.3261629298007013
587,25,-2,19633,0.20904668512580282
588,25,234414,19633,0.25878470213298804
589,25,309719,19633,0.23379700720354005
590,25,-1,19410,0.1250568656260185
591,25,19410,19410,0.17095043045943234
592,25,145606,162547,0.6233185705896159
593,25,117172,145606,0.29092800534651825
594,25,369433,145606,0.07424050988416242
595,25,117172,234414,0.1321832771636771
596,25,234414,117172,0.1321832771636771
597,25,0,309719,0.06996872053285703
598,26,1254,1254,0.19012132594258277
599,26,-2,1254,0.13544473550409203
600,26,11209,0,0.10570511171436119
601,26,19410,0,0.07365729444598647
602,26,19410,1253,0.10555135759328614
603,26,1253,1253,0.1673647640436777
604,26,1253,11209,0.10952834639948725
605,26,0,11209,0.10570511171436119
606,26,19410,11209,0.1287904609975746
607,26,-2,17993,0.15610034091591513
608,26,0,17993,0.11170730764556226
609,26,162547,17993,0.3268146153673323
610,26,-2,19633,0.21323825840351485
611,26,234414,19633,0.25879794944662843
612,26,309719,19633,0.23446091480087927
613,26,-1,19410,0.13130668891474884
614,26,19410,19410,0.18015825555694778
615,26,145606,162547,0.6234173919854037
616,26,117172,145606,0.290608671105272
617,26,369433,145606,0.07389460961095724
618,26,117172,234414,0.1317798632485602
619,26,234414,117172,0.1317798632485602
620,26,0,309719,0.06935239574338405
621,27,1254,1254,0.19960093172391838
622,27,-2,1254,0.14131345250828753
623,27,11209,0,0.10102404441303243
624,27,19410,0,0.07511535952661501
625,27,19410,1253,0.10680662273347456
626,27,1253,1253,0.1686750560252226
627,27,1253,11209,0.1094259401985849
628,27,0,11209,0.10102404441303243
629,27,19410,11209,0.1293645998740322
630,27,-2,17993,0.15867575214819093
631,27,0,17993,0.11091933913395585
632,27,162547,17993,0.3279195783411299
633,27,-2,19633,0.21620542980028765
634,27,234414,19633,0.2531502208303481
635,27,309719,19633,0.23355050979093908
636,27,-1,19410,0.13623190362913723
637,27,19410,19410,0.1875731273948328
638,27,145606,162547,0.6234135791630772
639,27,117172,145606,0.2901029627336252
640,27,369433,145606,0.07401407090887678
641,27,117172,234414,0.1286309132899332
642,27,234414,117172,0.1286309132899332
643,27,0,309719,0.06797307145742551
644,28,1254,1254,0.20990196146358503
645,28,-2,1254,0.14091121749604993
646,28,11209,0,0.09385372986188549
647,28,19410,0,0.07109667410712375
648,28,19410,1253,0.0988530186285047
649,28,1253,1253,0.15489416831717032
650,28,1253,11209,0.09947085890826106
651,28,0,11209,0.09385372986188549
652,28,19410,11209,0.1187149603520708
653,28,-2,17993,0.15181740609155245
654,28,0,17993,0.10672590456212709
655,28,162547,17993,0.32363059917954307
656,28,-2,19633,0.2105062250884899
657,28,234414,19633,0.24349169435720486
658,28,309719,19633,0.23048053574281585
659,28,-1,19410,0.12840284964498686
660,28,19410,19410,0.17613673943955688
661,28,145606,162547,0.623348413206367
662,28,117172,145606,0.2892522199246511
663,28,369433,145606,0.0744826407071863
664,28,117172,234414,0.12386907454183961
665,28,234414,117172,0.12386907454183961
666,28,0,309719,0.06646544474418896
667,29,1254,1254,0.19181641802192573
668,29,-2,1254,0.13637886908703992
669,29,11209,0,0.10511306304475242
670,29,19410,0,0.07656004797298961
671,29,19410,1253,0.1081428334229066
672,29,1253,1253,0.1697113987142645
673,29,1253,11209,0.11064300089378926
674,29,0,11209,0.10511306304475242
675,29,19410,11209,0.13112476929569875
676,29,-2,17993,0.15748120992948506
677,29,0,17993,0.11057185214430282
678,29,162547,17993,0.32529676564745225
679,29,-2,19633,0.21444408269227527
680,29,234414,19633,0.25538847287489386
681,29,309719,19633,0.23455507989283808
682,29,-1,19410,0.13387845949852312
683,29,19410,19410,0.1846070098104692
684,29,145606,162547,0.6234011299612039
685,29,117172,145606,0.2896607891751252
686,29,369433,145606,0.07432144764229842
687,29,117172,234414,0.1297292910264669
688,29,234414,117172,0.1297292910264669
689,29,0,309719,0.07064882594085459
690,30,1254,1254,0.20357129720910397
691,30,-2,1254,0.13993802032022207
692,30,11209,0,0.09494629133264082
693,30,19410,0,0.07378887732477003
694,30,19410,1253,0.1030760112059661
695,30,1253,1253,0.16209314098122574
696,30,1253,11209,0.10429219438252411
697,30,0,11209,0.09494629133264082
698,30,19410,11209,0.12288552666975916
699,30,-2,17993,0.1561105272902771
700,30,0,17993,0.1085088731492459
701,30,162547,17993,0.3276899436399495
702,30,-2,19633,0.21332694860140036
703,30,234414,19633,0.2512695899792393
704,30,309719,19633,0.23254985652870852
705,30,-1,19410,0.1317947155901472
706,30,19410,19410,0.18026177346198272
707,30,145606,162547,0.6233780823028439
708,30,117172,145606,0.29026108200637246
709,30,369433,145606,0.07425187269891023
710,30,117172,234414,0.127995949635974
711,30,234414,117172,0.127995949635974
712,30,0,309719,0.06828844832492748
713,31,1254,1254,0.2051560212643724
714,31,-2,1254,0.1375466720662641
715,31,11209,0,0.09598283308346495
716,31,19410,0,0.07024849237010877
717,31,19410,1253,0.09759273938556962
718,31,1253,1253,0.15353329321025144
719,31,1253,11209,0.0988253949064806
720,31,0,11209,0.09598283308346495
721,31,19410,11209,0.11709509434507055
722,31,-2,17993,0.1503612148909486
723,31,0,17993,0.10675451324278579
724,31,162547,17993,0.32304932382179863
725,31,-2,19633,0.2087028508159082
726,31,234414,19633,0.24684416256350739
727,31,309719,19633,0.23090805925420937
728,31,-1,19410,0.12526872752962118
729,31,19410,19410,0.1712271648828172
730,31,145606,162547,0.6233870889473226
731,31,117172,145606,0.2896640238829556
732,31,369433,145606,0.07439406752040653
733,31,117172,234414,0.12580380740323155
734,31,234414,117172,0.12580380740323155
735,31,0,309719,0.06734000293967396
736,32,1254,1254,0.18880514061082979
737,32,-2,1254,0.13417429557526722
738,32,11209,0,0.10617957941664743
739,32,19410,0,0.07558492508241162
740,32,19410,1253,0.1069231877214177
741,32,1253,1253,0.16830467240004848
742,32,1253,11209,0.10985343377402586
743,32,0,11209,0.10617957941664743
744,32,19410,11209,0.12939777423874757
745,32,-2,17993,0.1562636690440337
746,32,0,17993,0.11033293860331939
747,32,162547,17993,0.3248675672253645
748,32,-2,19633,0.2131322286835043
749,32,234414,19633,0.2578569424847704
750,32,309719,19633,0.23477069876226966
751,32,-1,19410,0.13146323561791834
752,32,19410,19410,0.18064754704724567
753,32,145606,162547,0.6234347797524251
754,32,117172,145606,0.29004655818356284
755,32,369433,145606,0.07419500743263795
756,32,117172,234414,0.13117803641983825
757,32,234414,117172,0.13117803641983825
758,32,0,309719,0.07104307110053841
759,33,1254,1254,0.20379424548178493
760,33,-2,1254,0.1364938933662286
761,33,11209,0,0.09558643970380347
762,33,19410,0,0.07012574682066779
763,33,19410,1253,0.09736905620809716
764,33,1253,1253,0.15327627541626818
765,33,1253,11209,0.09851597563027338
766,33,0,11209,0.09558643970380347
767,33,19410,11209,0.11558581187460458
768,33,-2,17993,0.1505482273331391
769,33,0,17993,0.10590429285484079
770,33,162547,17993,0.32328801189875
771,33,-2,19633,0.20863454049245073
772,33,234414,19633,0.2494675063750542
773,33,309719,19633,0.23129643283314477
774,33,-1,19410,0.12430428580986833
775,33,19410,19410,0.16892668509940592
776,33,145606,162547,0.6234182092110586
777,33,117172,145606,0.29016799476178845
778,33,369433,145606,0.0741731130943235
779,33,117172,234414,0.1273522906979135
780,33,234414,117172,0.1273522906979135
781,33,0,309719,0.06807347730653886
782,34,1254,1254,0.1965213544382551
783,34,-2,1254,0.13197341761164486
784,34,11209,0,0.09709875173994055
785,34,19410,0,0.06834904180711449
786,34,19410,1253,0.09596875041856971
787,34,1253,1253,0.15038385310230043
788,34,1253,11209,0.09739803339081764
789,34,0,11209,0.09709875173994055
790,34,19410,11209,0.11473462482457242
791,34,-2,17993,0.14744613481584906
792,34,0,17993,0.1041256084197992
793,34,162547,17993,0.3209724295984657
794,34,-2,19633,0.20582080553036108
795,34,234414,19633,0.2531597180620565
796,34,309719,19633,0.2317022671932009
797,34,-1,19410,0.11984033534690754
798,34,19410,19410,0.162913285800599
799,34,145606,162547,0.6234315928551307
800,34,117172,145606,0.2904846553935864
801,34,369433,145606,0.07418002129862847
802,34,117172,234414,0.1294598029364246
803,34,234414,117172,0.1294598029364246
804,34,0,309719,0.06871126647902852
805,35,1254,1254,0.18529691939023402
806,35,-2,1254,0.13147075927118554
807,35,11209,0,0.10457843081918065
808,35,19410,0,0.07303216667031283
809,35,19410,1253,0.10474797607776948
810,35,1253,1253,0.16428529109132625
811,35,1253,11209,0.10752817407429904
812,35,0,11209,0.10457843081918065
813,35,19410,11209,0.12621947847182155
814,35,-2,17993,0.1535539654955476
815,35,0,17993,0.10720054742234435
816,35,162547,17993,0.32325436959779924
817,35,-2,19633,0.21098487084918457
818,35,234414,19633,0.26077763751259725
819,35,309719,19633,0.23477032332038145
820,35,-1,19410,0.1273618601086099
821,35,19410,19410,0.17416120049978953
822,35,145606,162547,0.6234690134134331
823,35,117172,145606,0.29058618587040114
824,35,369433,145606,0.07399344639327413
825,35,117172,234414,0.132965644394771
826,35,234414,117172,0.132965644394771
827,35,0,309719,0.07092406370563203
828,36,1254,1254,0.19961528629802175
829,36,-2,1254,0.13667690299682472
830,36,11209,0,0.09460205286828932
831,36,19410,0,0.071495471408708
832,36,19410,1253,0.10080312604363412
833,36,1253,1253,0.15785067219627444
834,36,1253,11209,0.10205444804305737
835,36,0,11209,0.09460205286828932
836,36,19410,11209,0.11978669978142903
837,36,-2,17993,0.15317374794550315
838,36,0,17993,0.1059581547153807
839,36,162547,17993,0.32609010698039176
840,36,-2,19633,0.21086557918142754
841,36,234414,19633,0.2539633010965066
842,36,309719,19633,0.23259179510396188
843,36,-1,19410,0.12740659790914194
844,36,19410,19410,0.17341903476208986
845,36,145606,162547,0.623411967095382
846,36,117172,145606,0.29067718781108226
847,36,369433,145606,0.07411926843051188
848,36,117172,234414,0.12962914555151372
849,36,234414,117172,0.12962914555151372
850,36,0,309719,0.0684670267593437
851,37,1254,1254,0.2016171849520359
852,37,-2,1254,0.1350650699411625
853,37,11209,0,0.09607701117130917
854,37,19410,0,0.06871857864883597
855,37,19410,1253,0.09629853198447655
856,37,1253,1253,0.15077868651076826
857,37,1253,11209,0.09754504175128079
858,37,0,11209,0.09607701117130917
859,37,19410,11209,0.11523772669633793
860,37,-2,17993,0.1483829624146666
861,37,0,17993,0.10525935693652463
862,37,162547,17993,0.3220315524314782
863,37,-2,19633,0.2070946513819098
864,37,234414,19633,0.2493598947052425
865,37,309719,19633,0.23109844718996692
866,37,-1,19410,0.12233569082219166
867,37,19410,19410,0.1666646844713802
868,37,145606,162547,0.6234136080848471
869,37,117172,145606,0.29003106171093435
870,37,369433,145606,0.0742828153553201
871,37,117172,234414,0.1272794377678803
872,37,234414,117172,0.1272794377678803
873,37,0,309719,0.06755508545225632
874,38,1254,1254,0.1884315631610325
875,38,-2,1254,0.13059349200226195
876,38,11209,0,0.10103361230514135
877,38,19410,0,0.07165524061339358
878,38,19410,1253,0.10106353357570447
879,38,1253,1253,0.1580770994365989
880,38,1253,11209,0.10345600494388354
881,38,0,11209,0.10103361230514135
882,38,19410,11209,0.1216560765501832
883,38,-2,17993,0.15132597134811537
884,38,0,17993,0.10802071962224516
885,38,162547,17993,0.32518684651105445
886,38,-2,19633,0.20844900165701205
887,38,234414,19633,0.25986205249068556
888,38,309719,19633,0.23392459015190648
889,38,-1,19410,0.1238398436434757
890,38,19410,19410,0.16889952386676715
891,38,145606,162547,0.6234095281194668
892,38,117172,145606,0.29108726143758973
893,38,369433,145606,0.07422772119019407
894,38,117172,234414,0.1328581945666922
895,38,234414,117172,0.1328581945666922
896,38,0,309719,0.0705842358338018
897,39,1254,1254,0.18966042101768418
898,39,-2,1254,0.13472836626057066
899,39,11209,0,0.10512463112503104
900,39,19410,0,0.07356092324235641
901,39,19410,1253,0.105027755082388
902,39,1253,1253,0.16565845434978518
903,39,1253,11209,0.1084980962433558
904,39,0,11209,0.10512463112503104
905,39,19410,11209,0.12749696438315117
906,39,-2,17993,0.1553708643645212
907,39,0,17993,0.11024920366797733
908,39,162547,17993,0.32611127200719525
909,39,-2,19633,0.21280052916574815
910,39,234414,19633,0.2594626327115671
911,39,309719,19633,0.2344709665419449
912,39,-1,19410,0.1303711689091379
913,39,19410,19410,0.17851924008546946
914,39,145606,162547,0.6234865413256097
915,39,117172,145606,0.2907516231981471
916,39,369433,145606,0.07386224164956665
917,39,117172,234414,0.13222443683546597
918,39,234414,117172,0.13222443683546597
919,39,0,309719,0.06972889124413907
920,40,1254,1254,0.1994620636817407
921,40,-2,1254,0.14084531144853357
922,40,11209,0,0.10051641663695773
923,40,19410,0,0.07505710311826438
924,40,19410,1253,0.10639783661439002
925,40,1253,1253,0.16722088582288944
926,40,1253,11209,0.10859303774031684
927,40,0,11209,0.10051641663695773
928,40,19410,11209,0.12841301564420413
929,40,-2,17993,0.1581063060782578
930,40,0,17993,0.10974820776898825
931,40,162547,17993,0.32739095701113485
932,40,-2,19633,0.21587432809655213
933,40,234414,19633,0.2534131291552608
934,40,309719,19633,0.23352467007400857
935,40,-1,19410,0.1355665695666661
936,40,19410,19410,0.18643993730678088
937,40,145606,162547,0.6234622851617757
938,40,117172,145606,0.29016626818801144
939,40,369433,145606,0.07400514020427178
940,40,117172,234414,0.12883108293184745
941,40,234414,117172,0.12883108293184745
942,40,0,309719,0.06823037628157015
943,41,1254,1254,0.20888963578469708
944,41,-2,1254,0.14297134123298902
945,41,11209,0,0.09354521628693807
946,41,19410,0,0.07404433276443106
947,41,19410,1253,0.1033463566182298
948,41,1253,1253,0.16122620902321824
949,41,1253,11209,0.10411168440187016
950,41,0,11209,0.09354521628693807
951,41,19410,11209,0.12434582301938626
952,41,-2,17993,0.1563448197662457
953,41,0,17993,0.10849610394287894
954,41,162547,17993,0.32822640967912353
955,41,-2,19633,0.2141196360001648
956,41,234414,19633,0.24610559116349306
957,41,309719,19633,0.2317468300197887
958,41,-1,19410,0.13392530566476438
959,41,19410,19410,0.1843453092648931
960,41,145606,162547,0.6233535407492614
961,41,117172,145606,0.28947962759563056
962,41,369433,145606,0.07453260802342142
963,41,117172,234414,0.1250435616448798
964,41,234414,117172,0.1250435616448798
965,41,0,309719,0.06702536774129463
966,42,1254,1254,0.20257670251784723
967,42,-2,1254,0.1399444538995332
968,42,11209,0,0.09671643243282212
969,42,19410,0,0.07319482846065853
970,42,19410,1253,0.10376226060891997
971,42,1253,1253,0.16250220308683638
972,42,1253,11209,0.10550978675803194
973,42,0,11209,0.09671643243282212
974,42,19410,11209,0.1252606072759864
975,42,-2,17993,0.15593028483652074
976,42,0,17993,0.11109080962669736
977,42,162547,17993,0.3286592433142929
978,42,-2,19633,0.21312314443831049
979,42,234414,19633,0.2496110654291816
980,42,309719,19633,0.23259974701904623
981,42,-1,19410,0.13248631291249566
982,42,19410,19410,0.18250314775235438
983,42,145606,162547,0.6233534504452292
984,42,117172,145606,0.2897567405583968
985,42,369433,145606,0.07457331680650768
986,42,117172,234414,0.1269026675112072
987,42,234414,117172,0.1269026675112072
988,42,0,309719,0.06737345038731296
989,43,1254,1254,0.19960621816410506
990,43,-2,1254,0.1383956758002477
991,43,11209,0,0.0983265696209448
992,43,19410,0,0.0722891848127047
993,43,19410,1253,0.10328473168301675
994,43,1253,1253,0.16271933850675466
995,43,1253,11209,0.10589527776260778
996,43,0,11209,0.0983265696209448
997,43,19410,11209,0.12496911552477732
998,43,-2,17993,0.15549901396698165
999,43,0,17993,0.11238093607931668
1000,43,162547,17993,0.32906115769829153
1001,43,-2,19633,0.21246103244407338
1002,43,234414,19633,0.2521657393063732
1003,43,309719,19633,0.23295892194661633
1004,43,-1,19410,0.13118411954591602
1005,43,19410,19410,0.18031662686409755
1006,43,145606,162547,0.6233743920179722
1007,43,117172,145606,0.290163109394673
1008,43,369433,145606,0.07442207008210439
1009,43,117172,234414,0.1283234174158017
1010,43,234414,117172,0.1283234174158017
1011,43,0,309719,0.06740298792420898
1012,44,1254,1254,0.19894466142112854
1013,44,-2,1254,0.13783298566991778
1014,44,11209,0,0.09916627855126656
1015,44,19410,0,0.07177025706808629
1016,44,19410,1253,0.10268937856861259
1017,44,1253,1253,0.16233037168251252
1018,44,1253,11209,0.10578094285335925
1019,44,0,11209,0.09916627855126656
1020,44,19410,11209,0.12458854052326344
1021,44,-2,17993,0.1550399909972292
1022,44,0,17993,0.11290136823722219
1023,44,162547,17993,0.32924211247780283
1024,44,-2,19633,0.21195215869328918
1025,44,234414,19633,0.25264841936056587
1026,44,309719,19633,0.23294829029437347
1027,44,-1,19410,0.13035493281228397
1028,44,19410,19410,0.17899211856775665
1029,44,145606,162547,0.6233801176975732
1030,44,117172,145606,0.29025920593457094
1031,44,369433,145606,0.07437745560070436
1032,44,117172,234414,0.1286014629595616
1033,44,234414,117172,0.1286014629595616
1034,44,0,309719,0.06730849628717468
1035,45,1254,1254,0.19531225330483837
1036,45,-2,1254,0.13921924554382206
1037,45,11209,0,0.104952972530374
1038,45,19410,0,0.07401918963146756
1039,45,19410,1253,0.10725476493260294
1040,45,1253,1253,0.17029650121483192
1041,45,1253,11209,0.11127986670603612
1042,45,0,11209,0.104952972530374
1043,45,19410,11209,0.13085088845589404
1044,45,-2,17993,0.15842780226833175
1045,45,0,17993,0.11501398374334426
1046,45,162547,17993,0.3290053959599866
1047,45,-2,19633,0.21534179213811086
1048,45,234414,19633,0.25425723888398594
1049,45,309719,19633,0.23412407678034136
1050,45,-1,19410,0.13544962888077752
1051,45,19410,19410,0.1868628412315293
1052,45,145606,162547,0.6234447648733681
1053,45,117172,145606,0.2898952840868201
1054,45,369433,145606,0.07415224784446645
1055,45,117172,234414,0.12904580101397173
1056,45,234414,117172,0.12904580101397173
1057,45,0,309719,0.06768907604245475
1058,46,1254,1254,0.20223151344972232
1059,46,-2,1254,0.1437311108338509
1060,46,11209,0,0.10089216670229299
1061,46,19410,0,0.07536826687774391
1062,46,19410,1253,0.10827279516508886
1063,46,1253,1253,0.17149486915495016
1064,46,1253,11209,0.11106078230323287
1065,46,0,11209,0.10089216670229299
1066,46,19410,11209,0.13106194131263546
1067,46,-2,17993,0.1605038451601985
1068,46,0,17993,0.11377753116842908
1069,46,162547,17993,0.3295727120644758
1070,46,-2,19633,0.21779513314756985
1071,46,234414,19633,0.2509497642872422
1072,46,309719,19633,0.2334988547547489
1073,46,-1,19410,0.13918960476453493
1074,46,19410,19410,0.192224602304508
1075,46,145606,162547,0.6234428124061732
1076,46,117172,145606,0.2897621478533936
1077,46,369433,145606,0.07414117065630275
1078,46,117172,234414,0.1272491834769216
1079,46,234414,117172,0.1272491834769216
1080,46,0,309719,0.06689083858225783
1081,47,1254,1254,0.20858599520442783
1082,47,-2,1254,0.1473819512085138
1083,47,11209,0,0.09794797211153881
1084,47,19410,0,0.07678990359243498
1085,47,19410,1253,0.10926473772982213
1086,47,1253,1253,0.17232169605663775
1087,47,1253,11209,0.1110215953741527
1088,47,0,11209,0.09794797211153881
1089,47,19410,11209,0.13218631547054416
1090,47,-2,17993,0.16204126107948522
1091,47,0,17993,0.11277885852273835
1092,47,162547,17993,0.3297627623063154
1093,47,-2,19633,0.2194761417852828
1094,47,234414,19633,0.24602781568311977
1095,47,309719,19633,0.23281585028110735
1096,47,-1,19410,0.14231168635316788
1097,47,19410,19410,0.19738464017648358
1098,47,145606,162547,0.6234101055422574
1099,47,117172,145606,0.28906081200728
1100,47,369433,145606,0.07436342441133849
1101,47,117172,234414,0.12447669078756524
1102,47,234414,117172,0.12447669078756524
1103,47,0,309719,0.06632148929690934
1104,48,1254,1254,0.21384315201758175
1105,48,-2,1254,0.1470990049906408
1106,48,11209,0,0.09231156835778598
1107,48,19410,0,0.0753144944636587
1108,48,19410,1253,0.10569412970215752
1109,48,1253,1253,0.16574442801830694
1110,48,1253,11209,0.10632596282140695
1111,48,0,11209,0.09231156835778598
1112,48,19410,11209,0.12745637654438374
1113,48,-2,17993,0.15927965046241357
1114,48,0,17993,0.11114218380415297
1115,48,162547,17993,0.3299314398915888
1116,48,-2,19633,0.2166765679891606
1117,48,234414,19633,0.24208457086697624
1118,48,309719,19633,0.23148944938172972
1119,48,-1,19410,0.13858601407692317
1120,48,19410,19410,0.19186311994487582
1121,48,145606,162547,0.6233231116411809
1122,48,117172,145606,0.28886483962235815
1123,48,369433,145606,0.07474514044717621
1124,48,117172,234414,0.1226145999839345
1125,48,234414,117172,0.1226145999839345
1126,48,0,309719,0.06588605381663569
1127,49,1254,1254,0.20694034809328735
1128,49,-2,1254,0.1404663488914272
1129,49,11209,0,0.09563909597098129
1130,49,19410,0,0.07094998366267047
1131,49,19410,1253,0.10035298513430038
1132,49,1253,1253,0.15817058303702658
1133,49,1253,11209,0.10175688196398937
1134,49,0,11209,0.09563909597098129
1135,49,19410,11209,0.12099286545888523
1136,49,-2,17993,0.15309799430601026
1137,49,0,17993,0.11020205278763456
1138,49,162547,17993,0.32500956252210655
1139,49,-2,19633,0.21108616450839135
1140,49,234414,19633,0.24526451346772032
1141,49,309719,19633,0.23114676521940694
1142,49,-1,19410,0.12952717266392258
1143,49,19410,19410,0.17845738486633048
1144,49,145606,162547,0.6233824359582625
1145,49,117172,145606,0.28936728348773705
1146,49,369433,145606,0.07451878905194531
1147,49,117172,234414,0.12469244637783265
1148,49,234414,117172,0.12469244637783265
1149,49,0,309719,0.06619837455348032
1150,50,1254,1254,0.19709238632907006
1151,50,-2,1254,0.13352600757610708
1152,50,11209,0,0.0992988548683328
1153,50,19410,0,0.07258381092417021
1154,50,19410,1253,0.10335491305867582
1155,50,1253,1253,0.16295267150284518
1156,50,1253,11209,0.10585322304704302
1157,50,0,11209,0.0992988548683328
1158,50,19410,11209,0.12490799810389625
1159,50,-2,17993,0.15066982270671875
1160,50,0,17993,0.10909973276532284
1161,50,162547,17993,0.32619353523239075
1162,50,-2,19633,0.20767260062341986
1163,50,234414,19633,0.25514166107761005
1164,50,309719,19633,0.23244937604925503
1165,50,-1,19410,0.12883867736642993
1166,50,19410,19410,0.17701366609014543
1167,50,145606,162547,0.6234501254512083
1168,50,117172,145606,0.2909572417942951
1169,50,369433,145606,0.07399840300535294
1170,50,117172,234414,0.13043529780566213
1171,50,234414,117172,0.13043529780566213
1172,50,0,309719,0.06851993145279363
1173,51,1254,1254,0.18240828243901258
1174,51,-2,1254,0.12936260019865517
1175,51,11209,0,0.11339909814896032
1176,51,19410,0,0.07800319600734336
1177,51,19410,1253,0.11210827791325106
1178,51,1253,1253,0.18788499607594997
1179,51,1253,11209,0.11923650812672336
1180,51,0,11209,0.11339909814896032
1181,51,19410,11209,0.13258594139735955
1182,51,-2,17993,0.1636596635897642
1183,51,0,17993,0.11887851013357734
1184,51,162547,17993,0.3230086351822992
1185,51,-2,19633,0.21323108456511583
1186,51,234414,19633,0.2595076531482709
1187,51,309719,19633,0.23669806761388265
1188,51,-1,19410,0.13396450204961258
1189,51,19410,19410,0.18426433739814208
1190,51,145606,162547,0.6234340272213715
1191,51,117172,145606,0.29150905782712944
1192,51,369433,145606,0.07407278733930321
1193,51,117172,234414,0.1329767479634802
1194,51,234414,117172,0.1329767479634802
1195,51,0,309719,0.07440148729444733
1196,52,1254,1254,0.18017088204755205
1197,52,-2,1254,0.12675292779638261
1198,52,11209,0,0.11386852545574312
1199,52,19410,0,0.07123469323282125
1200,52,19410,1253,0.10516833622960657
1201,52,1253,1253,0.19876889212200952
1202,52,1253,11209,0.12114547162924948
1203,52,0,11209,0.11386852545574312
1204,52,19410,11209,0.12239162616777367
1205,52,-2,17993,0.15839963352664116
1206,52,0,17993,0.11419020793614255
1207,52,162547,17993,0.3254732518359801
1208,52,-2,19633,0.2105103914209854
1209,52,234414,19633,0.27222477447663757
1210,52,309719,19633,0.23642591275084343
1211,52,-1,19410,0.12531084248741348
1212,52,19410,19410,0.17074622610233495
1213,52,145606,162547,0.6235140237327043
1214,52,117172,145606,0.293177084836038
1215,52,369433,145606,0.07340662254538477
1216,52,117172,234414,0.13991263346885258
1217,52,234414,117172,0.13991263346885258
1218,52,0,309719,0.07256901331356479
1219,53,1254,1254,0.17045107799206569
1220,53,-2,1254,0.12452293231780037
1221,53,11209,0,0.12486140158884099
1222,53,19410,0,0.07736306591741464
1223,53,19410,1253,0.11353730171501276
1224,53,1253,1253,0.21711718450421047
1225,53,1253,11209,0.130624545666733
1226,53,0,11209,0.12486140158884099
1227,53,19410,11209,0.13216919312526057
1228,53,-2,17993,0.16990879135495135
1229,53,0,17993,0.12286546244531393
1230,53,162547,17993,0.322479754700036
1231,53,-2,19633,0.21527651623335664
1232,53,234414,19633,0.2711618991451133
1233,53,309719,19633,0.23956123611085872
1234,53,-1,19410,0.13177930774145755
1235,53,19410,19410,0.1808124738542332
1236,53,145606,162547,0.6234998980021887
1237,53,117172,145606,0.2929548720735236
1238,53,369433,145606,0.073666935230996
1239,53,117172,234414,0.13942131134023392
1240,53,234414,117172,0.13942131134023392
1241,53,0,309719,0.07738793035474245
1242,54,1254,1254,0.17163451542534744
1243,54,-2,1254,0.12329629938188784
1244,54,11209,0,0.12314136031400398
1245,54,19410,0,0.07086983746290958
1246,54,19410,1253,0.10618188722210033
1247,54,1253,1253,0.22288273065669664
1248,54,1253,11209,0.12977989656708433
1249,54,0,11209,0.12314136031400398
1250,54,19410,11209,0.12223765559787328
1251,54,-2,17993,0.16283680165328518
1252,54,0,17993,0.11700428778375013
1253,54,162547,17993,0.32515302208193175
1254,54,-2,19633,0.2118825127190505
1255,54,234414,19633,0.2804694732439367
1256,54,309719,19633,0.23843443571783646
1257,54,-1,19410,0.12385894538015144
1258,54,19410,19410,0.16847587439005865
1259,54,145606,162547,0.6235598510395961
1260,54,117172,145606,0.29419345837163985
1261,54,369433,145606,0.07312540124828833
1262,54,117172,234414,0.14446924642082037
1263,54,234414,117172,0.14446924642082037
1264,54,0,309719,0.07469800096043794
1265,55,1254,1254,0.16814725950931067
1266,55,-2,1254,0.11889047690165
1267,55,11209,0,0.13194434352368492
1268,55,19410,0,0.07086940576691599
1269,55,19410,1253,0.10342102485224762
1270,55,1253,1253,0.22488805060228131
1271,55,1253,11209,0.13009829760879205
1272,55,0,11209,0.13194434352368492
1273,55,19410,11209,0.11977642431324383
1274,55,-2,17993,0.16543599612712068
1275,55,0,17993,0.121287492435215
1276,55,162547,17993,0.3258691356878227
1277,55,-2,19633,0.2092438526641957
1278,55,234414,19633,0.2821721049655272
1279,55,309719,19633,0.2388340863429684
1280,55,-1,19410,0.11935802300443722
1281,55,19410,19410,0.16217299223303028
1282,55,145606,162547,0.6235531254105096
1283,55,117172,145606,0.2941993597623227
1284,55,369433,145606,0.07323791927913204
1285,55,117172,234414,0.14556156713203955
1286,55,234414,117172,0.14556156713203955
1287,55,0,309719,0.07687806327653679
1288,56,1254,1254,0.15898760524369493
1289,56,-2,1254,0.11744762756500651
1290,56,11209,0,0.14017171845869103
1291,56,19410,0,0.07705802225379625
1292,56,19410,1253,0.1126943359588756
1293,56,1253,1253,0.23982536191660428
1294,56,1253,11209,0.138547199609055
1295,56,0,11209,0.14017171845869103
1296,56,19410,11209,0.12990890158134333
1297,56,-2,17993,0.1758932565966416
1298,56,0,17993,0.1288567799307273
1299,56,162547,17993,0.3228202383014233
1300,56,-2,19633,0.2144638089671542
1301,56,234414,19633,0.28159806495799106
1302,56,309719,19633,0.24186611595732568
1303,56,-1,19410,0.12709868448511072
1304,56,19410,19410,0.17354881897030414
1305,56,145606,162547,0.6235579781314127
1306,56,117172,145606,0.29422918490406885
1307,56,369433,145606,0.07330914853443136
1308,56,117172,234414,0.14534420610283308
1309,56,234414,117172,0.14534420610283308
1310,56,0,309719,0.08120918321703939
1311,57,1254,1254,0.16481916477306954
1312,57,-2,1254,0.1189620410016813
1313,57,11209,0,0.13411478710142619
1314,57,19410,0,0.07036408115324182
1315,57,19410,1253,0.10534654810607083
1316,57,1253,1253,0.24081762100139564
1317,57,1253,11209,0.13510419847376437
1318,57,0,11209,0.13411478710142619
1319,57,19410,11209,0.12022415418516781
1320,57,-2,17993,0.1669112818183758
1321,57,0,17993,0.12062904339804742
1322,57,162547,17993,0.32543237117212787
1323,57,-2,19633,0.21134387559880874
1324,57,234414,19633,0.2871433734965822
1325,57,309719,19633,0.23981050410161756
1326,57,-1,19410,0.12064907483141085
1327,57,19410,19410,0.16335675555659687
1328,57,145606,162547,0.6236015266475311
1329,57,117172,145606,0.295077451809795
1330,57,369433,145606,0.07285726215084719
1331,57,117172,234414,0.14829259050287205
1332,57,234414,117172,0.14829259050287205
1333,57,0,309719,0.07691404319960413
1334,58,1254,1254,0.16378573237549318
1335,58,-2,1254,0.11608816994252777
1336,58,11209,0,0.14036089196361531
1337,58,19410,0,0.0705517350219843
1338,58,19410,1253,0.10285152760700814
1339,58,1253,1253,0.23868150769420435
1340,58,1253,11209,0.13373741263151706
1341,58,0,11209,0.14036089196361531
1342,58,19410,11209,0.11847658431290274
1343,58,-2,17993,0.16841220553968703
1344,58,0,17993,0.1237874799583264
1345,58,162547,17993,0.32602962419764264
1346,58,-2,19633,0.20887692023969273
1347,58,234414,19633,0.2863693277640559
1348,58,309719,19633,0.23971387762461593
1349,58,-1,19410,0.11726003321552288
1350,58,19410,19410,0.15885765375980493
1351,58,145606,162547,0.6235781500582291
1352,58,117172,145606,0.2947419570313864
1353,58,369433,145606,0.07308014040788649
1354,58,117172,234414,0.14796623092955133
1355,58,234414,117172,0.14796623092955133
1356,58,0,309719,0.07831408391682432
1357,59,1254,1254,0.1602378943661891
1358,59,-2,1254,0.11279656987907971
1359,59,11209,0,0.14676280379859807
1360,59,19410,0,0.07057881511385677
1361,59,19410,1253,0.10166721634149266
1362,59,1253,1253,0.23858252469178512
1363,59,1253,11209,0.1342462677959291
1364,59,0,11209,0.14676280379859807
1365,59,19410,11209,0.11701995788630165
1366,59,-2,17993,0.16987294232717828
1367,59,0,17993,0.12661038109310863
1368,59,162547,17993,0.3268316024957714
1369,59,-2,19633,0.2073806525177569
1370,59,234414,19633,0.2895420210741825
1371,59,309719,19633,0.2402451205391915
1372,59,-1,19410,0.11461098554575772
1373,59,19410,19410,0.1548893924893035
1374,59,145606,162547,0.6235975475596424
1375,59,117172,145606,0.29515963096115133
1376,59,369433,145606,0.07296411487544002
1377,59,117172,234414,0.1498576271376066
1378,59,234414,117172,0.1498576271376066
1379,59,0,309719,0.07993703333583786
1380,60,1254,1254,0.1544648299869036
1381,60,-2,1254,0.11196294599540434
1382,60,11209,0,0.15058952154803154
1383,60,19410,0,0.07346886450879118
1384,60,19410,1253,0.10559025277932775
1385,60,1253,1253,0.2501551522681916
1386,60,1253,11209,0.1408153651802116
1387,60,0,11209,0.15058952154803154
1388,60,19410,11209,0.12170875426214764
1389,60,-2,17993,0.1748036005272032
1390,60,0,17993,0.1300199650911076
1391,60,162547,17993,0.32492493794215166
1392,60,-2,19633,0.20972748004064481
1393,60,234414,19633,0.29174506563887526
1394,60,309719,19633,0.24158651445249374
1395,60,-1,19410,0.1182300725228169
1396,60,19410,19410,0.16001538037890498
1397,60,145606,162547,0.6236417793534258
1398,60,117172,145606,0.29463173660642245
1399,60,369433,145606,0.07281358858723408
1400,60,117172,234414,0.15065068366156767
1401,60,234414,117172,0.15065068366156767
1402,60,0,309719,0.08160999452854786
1403,61,1254,1254,0.15371689592863358
1404,61,-2,1254,0.11578458139644401
1405,61,11209,0,0.14787710044561064
1406,61,19410,0,0.07656394339257107
1407,61,19410,1253,0.1111310542345972
1408,61,1253,1253,0.2552757299679811
1409,61,1253,11209,0.1412817722325028
1410,61,0,11209,0.14787710044561064
1411,61,19410,11209,0.1255826757799992
1412,61,-2,17993,0.17542593557896222
1413,61,0,17993,0.12779577027999015
1414,61,162547,17993,0.3234498474088965
1415,61,-2,19633,0.21497540637015025
1416,61,234414,19633,0.28826716332936553
1417,61,309719,19633,0.24280277208326356
1418,61,-1,19410,0.12589960007855958
1419,61,19410,19410,0.1704276108473722
1420,61,145606,162547,0.623612216519291
1421,61,117172,145606,0.2953538263124079
1422,61,369433,145606,0.07293398065783196
1423,61,117172,234414,0.14910080544920035
1424,61,234414,117172,0.14910080544920035
1425,61,0,309719,0.08187047223632901
1426,62,1254,1254,0.15500787984032766
1427,62,-2,1254,0.1206876018819483
1428,62,11209,0,0.14027123585284884
1429,62,19410,0,0.07691689568669664
1430,62,19410,1253,0.11583684287041833
1431,62,1253,1253,0.26649466608781447
1432,62,1253,11209,0.1441845739229206
1433,62,0,11209,0.14027123585284884
1434,62,19410,11209,0.13052236946315665
1435,62,-2,17993,0.17473938375283107
1436,62,0,17993,0.12343578700239548
1437,62,162547,17993,0.322293855958523
1438,62,-2,19633,0.21903275882476655
1439,62,234414,19633,0.28900763076099384
1440,62,309719,19633,0.24289748727796068
1441,62,-1,19410,0.13180168459312294
1442,62,19410,19410,0.17929610371500404
1443,62,145606,162547,0.6236258839601554
1444,62,117172,145606,0.29559621603984315
1445,62,369433,145606,0.07282981172758085
1446,62,117172,234414,0.1492502057122629
1447,62,234414,117172,0.1492502057122629
1448,62,0,309719,0.07939161853768897
1449,63,1254,1254,0.1566061227440932
1450,63,-2,1254,0.12429151660740305
1451,63,11209,0,0.13541804197676477
1452,63,19410,0,0.07785606826507219
1453,63,19410,1253,0.11995432325505449
1454,63,1253,1253,0.276625470895169
1455,63,1253,11209,0.1469412914138411
1456,63,0,11209,0.13541804197676477
1457,63,19410,11209,0.13542590705231017
1458,63,-2,17993,0.1742328134320375
1459,63,0,17993,0.12066729328036144
1460,63,162547,17993,0.32113357736163656
1461,63,-2,19633,0.2219135662697969
1462,63,234414,19633,0.2872767880471766
1463,63,309719,19633,0.24294525092438443
1464,63,-1,19410,0.13642458454193482
1465,63,19410,19410,0.1866902404102931
1466,63,145606,162547,0.6236119362250765
1467,63,117172,145606,0.29531439576849366
1468,63,369433,145606,0.07291968693158721
1469,63,117172,234414,0.14806341881573648
1470,63,234414,117172,0.14806341881573648
1471,63,0,309719,0.07798282918252558
1472,64,1254,1254,0.1641465225353978
1473,64,-2,1254,0.12358022625565536
1474,64,11209,0,0.13213354284553616
1475,64,19410,0,0.0722588512938103
1476,64,19410,1253,0.1113558877403008
1477,64,1253,1253,0.27146536201026267
1478,64,1253,11209,0.14197590219499873
1479,64,0,11209,0.13213354284553616
1480,64,19410,11209,0.12612549074497062
1481,64,-2,17993,0.16567985768831595
1482,64,0,17993,0.11575191586795106
1483,64,162547,17993,0.32353120881529557
1484,64,-2,19633,0.21611831330781478
1485,64,234414,19633,0.2871600765590036
1486,64,309719,19633,0.24043868247887004
1487,64,-1,19410,0.12752743296538388
1488,64,19410,19410,0.17381657267200282
1489,64,145606,162547,0.6235933821496642
1490,64,117172,145606,0.29496463982199916
1491,64,369433,145606,0.07292004230906475
1492,64,117172,234414,0.14789102286177103
1493,64,234414,117172,0.14789102286177103
1494,64,0,309719,0.07537197111079
1495,65,1254,1254,0.15697333994883508
1496,65,-2,1254,0.12122336054399717
1497,65,11209,0,0.14028780589024573
1498,65,19410,0,0.07841280572115322
1499,65,19410,1253,0.11870371826176265
1500,65,1253,1253,0.2774417273179348
1501,65,1253,11209,0.14698158968294966
1502,65,0,11209,0.14028780589024573
1503,65,19410,11209,0.1351721689152001
1504,65,-2,17993,0.17608198017738103
1505,65,0,17993,0.12458811914230765
1506,65,162547,17993,0.3211514736569619
1507,65,-2,19633,0.21943683202327638
1508,65,234414,19633,0.2835671747636985
1509,65,309719,19633,0.24288127759956657
1510,65,-1,19410,0.1333682710988406
1511,65,19410,19410,0.18294561467536025
1512,65,145606,162547,0.6235659257844983
1513,65,117172,145606,0.2944243791842644
1514,65,369433,145606,0.07325957184080083
1515,65,117172,234414,0.14607681373497983
1516,65,234414,117172,0.14607681373497983
1517,65,0,309719,0.08005790343208452
1518,66,1254,1254,0.1567893896580949
1519,66,-2,1254,0.12203527781472448
1520,66,11209,0,0.13467399331991084
1521,66,19410,0,0.07458220085986057
1522,66,19410,1253,0.11515761846862052
1523,66,1253,1253,0.28609412463314393
1524,66,1253,11209,0.14903104016699137
1525,66,0,11209,0.13467399331991084
1526,66,19410,11209,0.13031962283244558
1527,66,-2,17993,0.1710011923078238
1528,66,0,17993,0.11930360263595183
1529,66,162547,17993,0.3219435167060127
1530,66,-2,19633,0.2185297078999901
1531,66,234414,19633,0.2919081293361019
1532,66,309719,19633,0.24206809883719824
1533,66,-1,19410,0.13085874564534744
1534,66,19410,19410,0.17844734440023327
1535,66,145606,162547,0.6236672921928694
1536,66,117172,145606,0.2949161310592854
1537,66,369433,145606,0.07261251190225267
1538,66,117172,234414,0.15022467622630536
1539,66,234414,117172,0.15022467622630536
1540,66,0,309719,0.07717569692710256
1541,67,1254,1254,0.15813754776516586
1542,67,-2,1254,0.1241382286938926
1543,67,11209,0,0.1350688580282813
1544,67,19410,0,0.07773960075444962
1545,67,19410,1253,0.1182164115142277
1546,67,1253,1253,0.28367625817839615
1547,67,1253,11209,0.14664800703339254
1548,67,0,11209,0.1350688580282813
1549,67,19410,11209,0.13301094979454264
1550,67,-2,17993,0.17231260297726606
1551,67,0,17993,0.11967113109288154
1552,67,162547,17993,0.3213428427944817
1553,67,-2,19633,0.2212919156493594
1554,67,234414,19633,0.2846083536097289
1555,67,309719,19633,0.2427078813226597
1556,67,-1,19410,0.13560145713468041
1557,67,19410,19410,0.1852949923643307
1558,67,145606,162547,0.6235866389340652
1559,67,117172,145606,0.29482314638933466
1560,67,369433,145606,0.07309513444516787
1561,67,117172,234414,0.146586441643626
1562,67,234414,117172,0.146586441643626
1563,67,0,309719,0.07829167381867799
1564,68,1254,1254,0.16473265827133973
1565,68,-2,1254,0.12340998484412634
1566,68,11209,0,0.1313780068143351
1567,68,19410,0,0.07175205164371809
1568,68,19410,1253,0.10980448455093504
1569,68,1253,1253,0.2770305916807658
1570,68,1253,11209,0.1415576572539997
1571,68,0,11209,0.1313780068143351
1572,68,19410,11209,0.1237700276929466
1573,68,-2,17993,0.16438917203430156
1574,68,0,17993,0.11495615823501507
1575,68,162547,17993,0.32398194460593016
1576,68,-2,19633,0.21576796718077318
1577,68,234414,19633,0.2868034438309876
1578,68,309719,19633,0.24033250091794417
1579,68,-1,19410,0.1267590910769456
1580,68,19410,19410,0.17233290267888263
1581,68,145606,162547,0.6235922646693239
1582,68,117172,145606,0.2949279609493471
1583,68,369433,145606,0.0729284569831553
1584,68,117172,234414,0.14772177557237276
1585,68,234414,117172,0.14772177557237276
1586,68,0,309719,0.07541334315421086
1587,69,1254,1254,0.15808154576387803
1588,69,-2,1254,0.12148815938990468
1589,69,11209,0,0.13918799401673868
1590,69,19410,0,0.0779239215155314
1591,69,19410,1253,0.11731671826056417
1592,69,1253,1253,0.2815294105988297
1593,69,1253,11209,0.14625479912036943
1594,69,0,11209,0.13918799401673868
1595,69,19410,11209,0.13333820082965986
1596,69,-2,17993,0.17493577757178297
1597,69,0,17993,0.1237715366445745
1598,69,162547,17993,0.3214494773734483
1599,69,-2,19633,0.21916404325150235
1600,69,234414,19633,0.28273075030381006
1601,69,309719,19633,0.24265438680811718
1602,69,-1,19410,0.13281990965091195
1603,69,19410,19410,0.18190513014520804
1604,69,145606,162547,0.623562024873487
1605,69,117172,145606,0.2943350168785289
1606,69,369433,145606,0.07328568076629213
1607,69,117172,234414,0.14563398334261288
1608,69,234414,117172,0.14563398334261288
1609,69,0,309719,0.07984490757355146
1610,70,1254,1254,0.15752397945293545
1611,70,-2,1254,0.12218416060936488
1612,70,11209,0,0.13398378867364397
1613,70,19410,0,0.07432561397820682
1614,70,19410,1253,0.11426556156168652
1615,70,1253,1253,0.2896916123462085
1616,70,1253,11209,0.14855511052186132
1617,70,0,11209,0.13398378867364397
1618,70,19410,11209,0.1291830155903604
1619,70,-2,17993,0.17017075286838654
1620,70,0,17993,0.11879909426417057
1621,70,162547,17993,0.3221238310873606
1622,70,-2,19633,0.21833244404457605
1623,70,234414,19633,0.29120053952259395
1624,70,309719,19633,0.24192272648909988
1625,70,-1,19410,0.1305115636531639
1626,70,19410,19410,0.17781966688166875
1627,70,145606,162547,0.6236623928714399
1628,70,117172,145606,0.29481302595141357
1629,70,369433,145606,0.07264722535417197
1630,70,117172,234414,0.1498350039552338
1631,70,234414,117172,0.1498350039552338
1632,70,0,309719,0.07708807839320403
1633,71,1254,1254,0.15954173376141587
1634,71,-2,1254,0.12221239773760018
1635,71,11209,0,0.1345866540950603
1636,71,19410,0,0.07449552413593771
1637,71,19410,1253,0.11199333578191079
1638,71,1253,1253,0.28665345021106114
1639,71,1253,11209,0.14633755854716893
1640,71,0,11209,0.1345866540950603
1641,71,19410,11209,0.12614547233283363
1642,71,-2,17993,0.16744586614671497
1643,71,0,17993,0.1174528882130083
1644,71,162547,17993,0.322627901613959
1645,71,-2,19633,0.21733065297288734
1646,71,234414,19633,0.28819047082544236
1647,71,309719,19633,0.24144671669561749
1648,71,-1,19410,0.12943850082409045
1649,71,19410,19410,0.17594830228418082
1650,71,145606,162547,0.6236322633016929
1651,71,117172,145606,0.294257055168652
1652,71,369433,145606,0.07285929024611527
1653,71,117172,234414,0.1481255166843833
1654,71,234414,117172,0.1481255166843833
1655,71,0,309719,0.0771908974116192
1656,72,1254,1254,0.16366644775687722
1657,72,-2,1254,0.12022726245120462
1658,72,11209,0,0.13639948304882143
1659,72,19410,0,0.07155790004380444
1660,72,19410,1253,0.1054198695593758
1661,72,1253,1253,0.2711498807092126
1662,72,1253,11209,0.13847902499563008
1663,72,0,11209,0.13639948304882143
1664,72,19410,11209,0.11769185114955369
1665,72,-2,17993,0.16213242753595705
1666,72,0,17993,0.1159278775588449
1667,72,162547,17993,0.32537288350877785
1668,72,-2,19633,0.21298106686858218
1669,72,234414,19633,0.28687098861502486
1670,72,309719,19633,0.24022803415548089
1671,72,-1,19410,0.12262016584156843
1672,72,19410,19410,0.16558745566878547
1673,72,145606,162547,0.6235853937091276
1674,72,117172,145606,0.29485532934409225
1675,72,369433,145606,0.07300969445508056
1676,72,117172,234414,0.14790541880613628
1677,72,234414,117172,0.14790541880613628
1678,72,0,309719,0.07700225101292607
1679,73,1254,1254,0.15701867893112767
1680,73,-2,1254,0.1171283026512002
1681,73,11209,0,0.14286427295871904
1682,73,19410,0,0.07445757329545377
1683,73,19410,1253,0.1084754444590591
1684,73,1253,1253,0.27672023945347074
1685,73,1253,11209,0.1439675562744057
1686,73,0,11209,0.14286427295871904
1687,73,19410,11209,0.12262829528117032
1688,73,-2,17993,0.16885839632395142
1689,73,0,17993,0.12227653206591829
1690,73,162547,17993,0.32393491196047497
1691,73,-2,19633,0.2135958619936593
1692,73,234414,19633,0.2891422914438067
1693,73,309719,19633,0.24155769302626576
1694,73,-1,19410,0.12401478894791448
1695,73,19410,19410,0.16804008538201082
1696,73,145606,162547,0.6236215049418006
1697,73,117172,145606,0.294216159070398
1698,73,369433,145606,0.07295184357349674
1699,73,117172,234414,0.14884986471903905
1700,73,234414,117172,0.14884986471903905
1701,73,0,309719,0.07966413313948911
1702,74,1254,1254,0.16173157648075048
1703,74,-2,1254,0.1168820738813003
1704,74,11209,0,0.14221437319191146
1705,74,19410,0,0.07104160157896788
1706,74,19410,1253,0.10264134505318384
1707,74,1253,1253,0.26331440575957815
1708,74,1253,11209,0.13664352376100392
1709,74,0,11209,0.14221437319191146
1710,74,19410,11209,0.1145637187080038
1711,74,-2,17993,0.1630868935503394
1712,74,0,17993,0.11893851930389365
1713,74,162547,17993,0.32634076417909924
1714,74,-2,19633,0.21056618951899153
1715,74,234414,19633,0.28874249525783935
1716,74,309719,19633,0.24033121719016154
1717,74,-1,19410,0.11871721608683641
1718,74,19410,19410,0.15953965778967075
1719,74,145606,162547,0.6236004031557021
1720,74,117172,145606,0.2951555983176218
1721,74,369433,145606,0.0729081462869693
1722,74,117172,234414,0.1491412383891867
1723,74,234414,117172,0.1491412383891867
1724,74,0,309719,0.07845950809810116
1725,75,1254,1254,0.16113929264360355
1726,75,-2,1254,0.1144546883754919
1727,75,11209,0,0.14679720161702642
1728,75,19410,0,0.07082778709376143
1729,75,19410,1253,0.10102774019707018
1730,75,1253,1253,0.2563788658982782
1731,75,1253,11209,0.13508141233462573
1732,75,0,11209,0.14679720161702642
1733,75,19410,11209,0.11440706707399446
1734,75,-2,17993,0.16566200382970228
1735,75,0,17993,0.12269055112945776
1736,75,162547,17993,0.32673165668957116
1737,75,-2,19633,0.20841109639970187
1738,75,234414,19633,0.2885153358775715
1739,75,309719,19633,0.2401862321679704
1740,75,-1,19410,0.1157932704120304
1741,75,19410,19410,0.1558362174309538
1742,75,145606,162547,0.6235915213623009
1743,75,117172,145606,0.29502565929158
1744,75,369433,145606,0.07299870099175977
1745,75,117172,234414,0.1491551649056075
1746,75,234414,117172,0.1491551649056075
1747,75,0,309719,0.07943188196503748
1748,76,1254,1254,0.15902334884896885
1749,76,-2,1254,0.11200397080029746
1750,76,11209,0,0.1513333640149865
1751,76,19410,0,0.07067608746621122
1752,76,19410,1253,0.100275296134006
1753,76,1253,1253,0.2519556104934038
1754,76,1253,11209,0.13487996694670504
1755,76,0,11209,0.1513333640149865
1756,76,19410,11209,0.11421873195616342
1757,76,-2,17993,0.16777284276228996
1758,76,0,17993,0.1256959347827
1759,76,162547,17993,0.32722897827558367
1760,76,-2,19633,0.20705839413557528
1761,76,234414,19633,0.29046944487791687
1762,76,309719,19633,0.24044455109400203
1763,76,-1,19410,0.11364616080408815
1764,76,19410,19410,0.15288382570994016
1765,76,145606,162547,0.6236038179365627
1766,76,117172,145606,0.29528984950435366
1767,76,369433,145606,0.07292363883163827
1768,76,117172,234414,0.1503667405322076
1769,76,234414,117172,0.1503667405322076
1770,76,0,309719,0.08050806122074211
1771,77,1254,1254,0.1535228010306842
1772,77,-2,1254,0.11135046752714374
1773,77,11209,0,0.15422640425418555
1774,77,19410,0,0.07357630448657669
1775,77,19410,1253,0.10467344845680254
1776,77,1253,1253,0.2611164725081393
1777,77,1253,11209,0.14134648799891184
1778,77,0,11209,0.15422640425418555
1779,77,19410,11209,0.11980371605192204
1780,77,-2,17993,0.17319775942053742
1781,77,0,17993,0.12938649725112086
1782,77,162547,17993,0.3252179163309826
1783,77,-2,19633,0.20950189464089444
1784,77,234414,19633,0.29243261088085
1785,77,309719,19633,0.24174681243175336
1786,77,-1,19410,0.11756853165261373
1787,77,19410,19410,0.15865219447927079
1788,77,145606,162547,0.6236457172796179
1789,77,117172,145606,0.2947186419706661
1790,77,369433,145606,0.07279061475506998
1791,77,117172,234414,0.1510265326610962
1792,77,234414,117172,0.1510265326610962
1793,77,0,309719,0.08205069764731732
1794,78,1254,1254,0.1598639411027301
1795,78,-2,1254,0.11325402197150983
1796,78,11209,0,0.1506923410712252
1797,78,19410,0,0.07039429442901485
1798,78,19410,1253,0.09998708354804688
1799,78,1253,1253,0.2510072566134001
1800,78,1253,11209,0.1346137683087804
1801,78,0,11209,0.1506923410712252
1802,78,19410,11209,0.11266689413408307
1803,78,-2,17993,0.1660482319289681
1804,78,0,17993,0.12351539911068302
1805,78,162547,17993,0.32715800465277134
1806,78,-2,19633,0.20783746652159507
1807,78,234414,19633,0.29050631960934603
1808,78,309719,19633,0.24036880660735688
1809,78,-1,19410,0.11445325680446894
1810,78,19410,19410,0.1533274571677417
1811,78,145606,162547,0.6236140980435608
1812,78,117172,145606,0.2954349058625745
1813,78,369433,145606,0.07281530336771785
1814,78,117172,234414,0.15035012095165373
1815,78,234414,117172,0.15035012095165373
1816,78,0,309719,0.07991073147671633
1817,79,1254,1254,0.15496680623571077
1818,79,-2,1254,0.11438280000436611
1819,79,11209,0,0.1534506618339607
1820,79,19410,0,0.0766034133864097
1821,79,19410,1253,0.10968715650345519
1822,79,1253,1253,0.25989145210399806
1823,79,1253,11209,0.14073030530634248
1824,79,0,11209,0.1534506618339607
1825,79,19410,11209,0.12471479857234455
1826,79,-2,17993,0.17616317806443033
1827,79,0,17993,0.13011098694367446
1828,79,162547,17993,0.3237118154552826
1829,79,-2,19633,0.21335494988169074
1830,79,234414,19633,0.28553386196014724
1831,79,309719,19633,0.2425645094388421
1832,79,-1,19410,0.12366217527916161
1833,79,19410,19410,0.1675732041658257
1834,79,145606,162547,0.6235856429506007
1835,79,117172,145606,0.2948110638519747
1836,79,369433,145606,0.07313073419860885
1837,79,117172,234414,0.14762908527856558
1838,79,234414,117172,0.14762908527856558
1839,79,0,309719,0.08284624666077628
1840,80,1254,1254,0.15560700013842943
1841,80,-2,1254,0.11730867546240896
1842,80,11209,0,0.14499821792028983
1843,80,19410,0,0.0734644314059091
1844,80,19410,1253,0.10899150554605348
1845,80,1253,1253,0.2710837806803572
1846,80,1253,11209,0.14424010983670377
1847,80,0,11209,0.14499821792028983
1848,80,19410,11209,0.12326384349776846
1849,80,-2,17993,0.17104805820516683
1850,80,0,17993,0.12321083433429211
1851,80,162547,17993,0.3236576982901619
1852,80,-2,19633,0.214261548212635
1853,80,234414,19633,0.29277448818717927
1854,80,309719,19633,0.24181988417933076
1855,80,-1,19410,0.12415488971130277
1856,80,19410,19410,0.16791060465549515
1857,80,145606,162547,0.6236756035192287
1858,80,117172,145606,0.29507636709224777
1859,80,369433,145606,0.07256202642526298
1860,80,117172,234414,0.15100537753890225
1861,80,234414,117172,0.15100537753890225
1862,80,0,309719,0.07917431379690158
1863,81,1254,1254,0.16332925433451334
1864,81,-2,1254,0.11793665199355857
1865,81,11209,0,0.14321886998170547
1866,81,19410,0,0.07080301126172689
1867,81,19410,1253,0.10300460497470941
1868,81,1253,1253,0.25802112596294
1869,81,1253,11209,0.13610185263285324
1870,81,0,11209,0.14321886998170547
1871,81,19410,11209,0.11601037320100438
1872,81,-2,17993,0.1643425671779665
1873,81,0,17993,0.11917129541357883
1874,81,162547,17993,0.3258833949538716
1875,81,-2,19633,0.21084939895074106
1876,81,234414,19633,0.28730507890458007
1877,81,309719,19633,0.24004047917840446
1878,81,-1,19410,0.11932693803292252
1879,81,19410,19410,0.16075086515618836
1880,81,145606,162547,0.6235913873995563
1881,81,117172,145606,0.2949611750114601
1882,81,369433,145606,0.07296214218269992
1883,81,117172,234414,0.14832651489567383
1884,81,234414,117172,0.14832651489567383
1885,81,0,309719,0.07777187780657821
1886,82,1254,1254,0.156031941958299
1887,82,-2,1254,0.1169468204087487
1888,82,11209,0,0.14889615249002547
1889,82,19410,0,0.07723158477366195
1890,82,19410,1253,0.11251799577289509
1891,82,1253,1253,0.26661711013926526
1892,82,1253,11209,0.14277792291000924
1893,82,0,11209,0.14889615249002547
1894,82,19410,11209,0.1275094030639722
1895,82,-2,17993,0.17500287182035823
1896,82,0,17993,0.12723920413298495
1897,82,162547,17993,0.32287073073788386
1898,82,-2,19633,0.2155931085403505
1899,82,234414,19633,0.284295548589891
1900,82,309719,19633,0.24265294880886804
1901,82,-1,19410,0.12724723832414228
1902,82,19410,19410,0.17304340343687039
1903,82,145606,162547,0.6235727944440312
1904,82,117172,145606,0.2945557414479975
1905,82,369433,145606,0.07322026832290543
1906,82,117172,234414,0.1467546849536448
1907,82,234414,117172,0.1467546849536448
1908,82,0,309719,0.08184862463132793
1909,83,1254,1254,0.1541798577454331
1910,83,-2,1254,0.12073604596302119
1911,83,11209,0,0.1411619067749671
1912,83,19410,0,0.07685733080607013
1913,83,19410,1253,0.11634052145345106
1914,83,1253,1253,0.27668317997252767
1915,83,1253,11209,0.145665483571394
1916,83,0,11209,0.1411619067749671
1917,83,19410,11209,0.13093730597096015
1918,83,-2,17993,0.17458605848713496
1919,83,0,17993,0.12307851968566964
1920,83,162547,17993,0.3221219223255914
1921,83,-2,19633,0.2196251648238901
1922,83,234414,19633,0.28978280460228467
1923,83,309719,19633,0.24315004465995646
1924,83,-1,19410,0.13246867363567755
1925,83,19410,19410,0.18025006306323696
1926,83,145606,162547,0.6236283054981995
1927,83,117172,145606,0.2956592125118116
1928,83,369433,145606,0.07282218635309196
1929,83,117172,234414,0.1496513179253595
1930,83,234414,117172,0.1496513179253595
1931,83,0,309719,0.07942589894396854
1932,84,1254,1254,0.15877360855185255
1933,84,-2,1254,0.12292563233729237
1934,84,11209,0,0.1352959869715608
1935,84,19410,0,0.07449929787885196
1936,84,19410,1253,0.11440079923205679
1937,84,1253,1253,0.284728177047251
1938,84,1253,11209,0.14755272423374588
1939,84,0,11209,0.1352959869715608
1940,84,19410,11209,0.12916114604119322
1941,84,-2,17993,0.16953895487931245
1942,84,0,17993,0.12296529150013498
1943,84,162547,17993,0.3218445735810515
1944,84,-2,19633,0.21842002926646698
1945,84,234414,19633,0.289962394475019
1946,84,309719,19633,0.2416748838988863
1947,84,-1,19410,0.13086513952243028
1948,84,19410,19410,0.17822670004081956
1949,84,145606,162547,0.6236570635767429
1950,84,117172,145606,0.29466873265065735
1951,84,369433,145606,0.0726779188105263
1952,84,117172,234414,0.1491305211985181
1953,84,234414,117172,0.1491305211985181
1954,84,0,309719,0.07667565779032261
1955,85,1254,1254,0.1582204168911942
1956,85,-2,1254,0.1216561283656089
1957,85,11209,0,0.1373580359163199
1958,85,19410,0,0.07511983786346485
1959,85,19410,1253,0.11293268928029451
1960,85,1253,1253,0.28392454981874354
1961,85,1253,11209,0.14673673757444886
1962,85,0,11209,0.1373580359163199
1963,85,19410,11209,0.1264743620650841
1964,85,-2,17993,0.1673482500317818
1965,85,0,17993,0.12115093130092487
1966,85,162547,17993,0.32253427402780555
1967,85,-2,19633,0.21743225734064292
1968,85,234414,19633,0.2889877620405821
1969,85,309719,19633,0.24170923491581287
1970,85,-1,19410,0.1297119219654586
1971,85,19410,19410,0.1763489194881601
1972,85,145606,162547,0.6236318723301085
1973,85,117172,145606,0.2943036882724084
1974,85,369433,145606,0.07286617042611371
1975,85,117172,234414,0.14853763171111334
1976,85,234414,117172,0.14853763171111334
1977,85,0,309719,0.07765931764549627
1978,86,1254,1254,0.16301045853407028
1979,86,-2,1254,0.12000182900132278
1980,86,11209,0,0.1381672503061183
1981,86,19410,0,0.07178491548170117
1982,86,19410,1253,0.10582469288101376
1983,86,1253,1253,0.2688445409500179
1984,86,1253,11209,0.13857826404807622
1985,86,0,11209,0.1381672503061183
1986,86,19410,11209,0.11766573365851468
1987,86,-2,17993,0.16200841892535495
1988,86,0,17993,0.11823458166978477
1989,86,162547,17993,0.32531413688091704
1990,86,-2,19633,0.2130591564456982
1991,86,234414,19633,0.287488545671535
1992,86,309719,19633,0.2403536086965007
1993,86,-1,19410,0.12272051219272531
1994,86,19410,19410,0.16562629224883516
1995,86,145606,162547,0.623590089128055
1996,86,117172,145606,0.29494938092341233
1997,86,369433,145606,0.07297559413664219
1998,86,117172,234414,0.14824586354183072
1999,86,234414,117172,0.14824586354183072
2000,86,0,309719,0.07717278512144632
2001,87,1254,1254,0.15677628477808866
2002,87,-2,1254,0.11906349774102803
2003,87,11209,0,0.14412559020471197
2004,87,19410,0,0.07770142954477881
2005,87,19410,1253,0.1141475164567817
2006,87,1253,1253,0.2747415010395837
2007,87,1253,11209,0.1439458222062891
2008,87,0,11209,0.14412559020471197
2009,87,19410,11209,0.12844901867299327
2010,87,-2,17993,0.172942836939566
2011,87,0,17993,0.126172178643139
2012,87,162547,17993,0.32238616061181796
2013,87,-2,19633,0.21720597414330972
2014,87,234414,19633,0.28375843822285124
2015,87,309719,19633,0.24266144670408332
2016,87,-1,19410,0.12972189840060108
2017,87,19410,19410,0.1765600923958483
2018,87,145606,162547,0.6235706213472302
2019,87,117172,145606,0.29450672934436234
2020,87,369433,145606,0.07323051046680758
2021,87,117172,234414,0.1463288799702051
2022,87,234414,117172,0.1463288799702051
2023,87,0,309719,0.0810066665202107
2024,88,1254,1254,0.16295400756052913
2025,88,-2,1254,0.11984900890271206
2026,88,11209,0,0.13765738905427513
2027,88,19410,0,0.07097147250339735
2028,88,19410,1253,0.10647462013560244
2029,88,1253,1253,0.269559824835105
2030,88,1253,11209,0.13934373792548746
2031,88,0,11209,0.13765738905427513
2032,88,19410,11209,0.11956064710848778
2033,88,-2,17993,0.16490387324908898
2034,88,0,17993,0.11904014923359361
2035,88,162547,17993,0.3251047674491095
2036,88,-2,19633,0.21316029093770208
2037,88,234414,19633,0.28864903089351107
2038,88,309719,19633,0.24041636677623443
2039,88,-1,19410,0.12245584004397221
2040,88,19410,19410,0.1655408782069494
2041,88,145606,162547,0.6236075452846873
2042,88,117172,145606,0.29522738040413216
2043,88,369433,145606,0.07282658379614138
2044,88,117172,234414,0.14896558610491337
2045,88,234414,117172,0.14896558610491337
2046,88,0,309719,0.07695578423218422
2047,89,1254,1254,0.15792014443940994
2048,89,-2,1254,0.11952019498230085
2049,89,11209,0,0.14316511515082297
2050,89,19410,0,0.07714100459388594
2051,89,19410,1253,0.11444584805471911
2052,89,1253,1253,0.2746920096530932
2053,89,1253,11209,0.14392267399463338
2054,89,0,11209,0.14316511515082297
2055,89,19410,11209,0.1300598248886859
2056,89,-2,17993,0.1751863644423752
2057,89,0,17993,0.12657532838922797
2058,89,162547,17993,0.3221981416405369
2059,89,-2,19633,0.2172224270727202
2060,89,234414,19633,0.28314333723488716
2061,89,309719,19633,0.24246727165574108
2062,89,-1,19410,0.12968037591249715
2063,89,19410,19410,0.17698496619064
2064,89,145606,162547,0.6235683275400092
2065,89,117172,145606,0.2944542476344358
2066,89,369433,145606,0.07324208953366423
2067,89,117172,234414,0.14602557798798202
2068,89,234414,117172,0.14602557798798202
2069,89,0,309719,0.08056433708709117
2070,90,1254,1254,0.15734975519633243
2071,90,-2,1254,0.12075003802634679
2072,90,11209,0,0.1373310589683449
2073,90,19410,0,0.07392287899530686
2074,90,19410,1253,0.11238989915034711
2075,90,1253,1253,0.28398493203898195
2076,90,1253,11209,0.14689547793113183
2077,90,0,11209,0.1373310589683449
2078,90,19410,11209,0.1271370558638245
2079,90,-2,17993,0.17037516864598132
2080,90,0,17993,0.12086709334950128
2081,90,162547,17993,0.3225986696821899
2082,90,-2,19633,0.21696482849503043
2083,90,234414,19633,0.29127295479130244
2084,90,309719,19633,0.24181345049708175
2085,90,-1,19410,0.12837947362800145
2086,90,19410,19410,0.17455077421985873
2087,90,145606,162547,0.6236630957962216
2088,90,117172,145606,0.29482715886012373
2089,90,369433,145606,0.07264476671730682
2090,90,117172,234414,0.14996950636324416
2091,90,234414,117172,0.14996950636324416
2092,90,0,309719,0.07769320581723066
2093,91,1254,1254,0.15829833035539695
2094,91,-2,1254,0.12308328607120571
2095,91,11209,0,0.1372653744663641
2096,91,19410,0,0.0772768049519521
2097,91,19410,1253,0.11624080278754474
2098,91,1253,1253,0.28208542641893886
2099,91,1253,11209,0.14518473820192188
2100,91,0,11209,0.1372653744663641
2101,91,19410,11209,0.13064885041237048
2102,91,-2,17993,0.17185858188687622
2103,91,0,17993,0.12088688905175286
2104,91,162547,17993,0.32181671023510994
2105,91,-2,19633,0.2201500046998739
2106,91,234414,19633,0.28438388504424944
2107,91,309719,19633,0.24256818267732475
2108,91,-1,19410,0.1337634262671367
2109,91,19410,19410,0.18238063649234756
2110,91,145606,162547,0.6235855060563841
2111,91,117172,145606,0.294795885920045
2112,91,369433,145606,0.07310576693288506
2113,91,117172,234414,0.14653658384224044
2114,91,234414,117172,0.14653658384224044
2115,91,0,309719,0.0787404295309565
2116,92,1254,1254,0.1648928376068786
2117,92,-2,1254,0.12273639168233869
2118,92,11209,0,0.133007159833096
2119,92,19410,0,0.07141661129180525
2120,92,19410,1253,0.10846915661402819
2121,92,1253,1253,0.2756907226962906
2122,92,1253,11209,0.14044272767863183
2123,92,0,11209,0.133007159833096
2124,92,19410,11209,0.1221567313322273
2125,92,-2,17993,0.16406461692653443
2126,92,0,17993,0.11573516747112811
2127,92,162547,17993,0.3243037242523971
2128,92,-2,19633,0.21501125640856433
2129,92,234414,19633,0.2866538528094952
2130,92,309719,19633,0.24022907913645886
2131,92,-1,19410,0.12552952009203677
2132,92,19410,19410,0.17037107852975558
2133,92,145606,162547,0.623591904118188
2134,92,117172,145606,0.2949156978611799
2135,92,369433,145606,0.07293204972299001
2136,92,117172,234414,0.14769028017060876
2137,92,234414,117172,0.14769028017060876
2138,92,0,309719,0.07568523467480917
2139,93,1254,1254,0.1580304673161749
2140,93,-2,1254,0.11888300611996211
2141,93,11209,0,0.14043741635784607
2142,93,19410,0,0.07459465731474502
2143,93,19410,1253,0.11079063176705908
2144,93,1253,1253,0.2804264712447529
2145,93,1253,11209,0.14542434648179062
2146,93,0,11209,0.14043741635784607
2147,93,19410,11209,0.1261376628057309
2148,93,-2,17993,0.170376226760407
2149,93,0,17993,0.12220260128793019
2150,93,162547,17993,0.32319367551131306
2151,93,-2,19633,0.21497698830314926
2152,93,234414,19633,0.2883479878358855
2153,93,309719,19633,0.2415326102723332
2154,93,-1,19410,0.12620080499072747
2155,93,19410,19410,0.1718321667254193
2156,93,145606,162547,0.6236149238056249
2157,93,117172,145606,0.29408546858230705
2158,93,369433,145606,0.07299459515421808
2159,93,117172,234414,0.14832171931889973
2160,93,234414,117172,0.14832171931889973
2161,93,0,309719,0.07880842766479823
2162,94,1254,1254,0.15552342792863363
2163,94,-2,1254,0.12047076498591229
2164,94,11209,0,0.14060519915135034
2165,94,19410,0,0.07753261567671041
2166,94,19410,1253,0.11522686603174156
2167,94,1253,1253,0.2803959687844695
2168,94,1253,11209,0.14506523447689235
2169,94,0,11209,0.14060519915135034
2170,94,19410,11209,0.12887256274752854
2171,94,-2,17993,0.17212277617042962
2172,94,0,17993,0.1223245055586984
2173,94,162547,17993,0.3221641703870989
2174,94,-2,19633,0.2188516166756912
2175,94,234414,19633,0.2864145941801885
2176,94,309719,19633,0.24292822094863015
2177,94,-1,19410,0.1317453101924622
2178,94,19410,19410,0.1790755336726953
2179,94,145606,162547,0.6235958732946857
2180,94,117172,145606,0.2950250718823935
2181,94,369433,145606,0.0730459196092137
2182,94,117172,234414,0.14774990316643663
2183,94,234414,117172,0.14774990316643663
2184,94,0,309719,0.08008818376987435
2185,95,1254,1254,0.1642964420678338
2186,95,-2,1254,0.12153938334783329
2187,95,11209,0,0.13448961353971384
2188,95,19410,0,0.07126346867836642
2189,95,19410,1253,0.10749728459932187
2190,95,1253,1253,0.27354100652482466
2191,95,1253,11209,0.13968517422968948
2192,95,0,11209,0.13448961353971384
2193,95,19410,11209,0.12042273556712363
2194,95,-2,17993,0.16409202874913462
2195,95,0,17993,0.12083496583479571
2196,95,162547,17993,0.32455302703215116
2197,95,-2,19633,0.21413750390745034
2198,95,234414,19633,0.2873331442123033
2199,95,309719,19633,0.2402371010783443
2200,95,-1,19410,0.12410245271319588
2201,95,19410,19410,0.16790180769820387
2202,95,145606,162547,0.6235992998221808
2203,95,117172,145606,0.2950445376654133
2204,95,369433,145606,0.07287721114703115
2205,95,117172,234414,0.14814850006148547
2206,95,234414,117172,0.14814850006148547
2207,95,0,309719,0.07617618699985072
2208,96,1254,1254,0.15786563206022108
2209,96,-2,1254,0.12014583044204523
2210,96,11209,0,0.14160504359105655
2211,96,19410,0,0.07761221176761024
2212,96,19410,1253,0.11565046026252518
2213,96,1253,1253,0.2786551631669069
2214,96,1253,11209,0.14484890401709571
2215,96,0,11209,0.14160504359105655
2216,96,19410,11209,0.13095981951176386
2217,96,-2,17993,0.17469536618297649
2218,96,0,17993,0.12832790347164166
2219,96,162547,17993,0.32187745365591997
2220,96,-2,19633,0.21795506233732728
2221,96,234414,19633,0.2829098217496448
2222,96,309719,19633,0.24256626251126198
2223,96,-1,19410,0.130902910959943
2224,96,19410,19410,0.17876220255864117
2225,96,145606,162547,0.6235640836107363
2226,96,117172,145606,0.2943729898530326
2227,96,369433,145606,0.07327348152385377
2228,96,117172,234414,0.14582653980573085
2229,96,234414,117172,0.14582653980573085
2230,96,0,309719,0.08040620012954049
2231,97,1254,1254,0.16329911234624733
2232,97,-2,1254,0.12041834403302495
2233,97,11209,0,0.13591335946885788
2234,97,19410,0,0.07092089267928486
2235,97,19410,1253,0.10748298850968692
2236,97,1253,1253,0.27291456925169666
2237,97,1253,11209,0.14014810642810133
2238,97,0,11209,0.13591335946885788
2239,97,19410,11209,0.12124932710638182
2240,97,-2,17993,0.1661740680232663
2241,97,0,17993,0.12056080157499968
2242,97,162547,17993,0.3248050219917895
2243,97,-2,19633,0.21366944957066783
2244,97,234414,19633,0.288465388174841
2245,97,309719,19633,0.24042022064680235
2246,97,-1,19410,0.12322440945976627
2247,97,19410,19410,0.16697902794246688
2248,97,145606,162547,0.623605473439922
2249,97,117172,145606,0.2951907435843687
2250,97,369433,145606,0.07284116574362945
2251,97,117172,234414,0.1488449717639288
2252,97,234414,117172,0.1488449717639288
2253,97,0,309719,0.07663394380162078
2254,98,1254,1254,0.16275751968124957
2255,98,-2,1254,0.11705138215070335
2256,98,11209,0,0.1417314632646885
2257,98,19410,0,0.07088969004920877
2258,98,19410,1253,0.10424589042561495
2259,98,1253,1253,0.2635217950278078
2260,98,1253,11209,0.13726384626613386
2261,98,0,11209,0.1417314632646885
2262,98,19410,11209,0.11910954503262061
2263,98,-2,17993,0.16786867380978363
2264,98,0,17993,0.1237334148587116
2265,98,162547,17993,0.32561574360625894
2266,98,-2,19633,0.21042462834029382
2267,98,234414,19633,0.28733141486027136
2268,98,309719,19633,0.24012274173177695
2269,98,-1,19410,0.1189458443920911
2270,98,19410,19410,0.16119850111109515
2271,98,145606,162547,0.623582318338014
2272,98,117172,145606,0.2948399935481087
2273,98,369433,145606,0.07305644495462958
2274,98,117172,234414,0.1483823773553622
2275,98,234414,117172,0.1483823773553622
2276,98,0,309719,0.07812217077692607
2277,99,1254,1254,0.15498896346270394
2278,99,-2,1254,0.11607116896084241
2279,99,11209,0,0.14778255798381126
2280,99,19410,0,0.07708597735557172
2281,99,19410,1253,0.11332146854611957
2282,99,1253,1253,0.2713212060234289
2283,99,1253,11209,0.14384159127364637
2284,99,0,11209,0.14778255798381126
2285,99,19410,11209,0.12943467965054123
2286,99,-2,17993,0.17788141964789417
2287,99,0,17993,0.13076416525361476
2288,99,162547,17993,0.3226365727433816
2289,99,-2,19633,0.21533177818365073
2290,99,234414,19633,0.28540949502135904
2291,99,309719,19633,0.24282221310926988
2292,99,-1,19410,0.12679834032690268
2293,99,19410,19410,0.17284099872068126
2294,99,145606,162547,0.623579370042086
2295,99,117172,145606,0.29469948890233816
2296,99,369433,145606,0.07317683101161641
2297,99,117172,234414,0.14742767700519044
2298,99,234414,117172,0.14742767700519044
2299,99,0,309719,0.08214116039035368
2300,100,1254,1254,0.16164143294258512
2301,100,-2,1254,0.11794846315108913
2302,100,11209,0,0.13999886854480406
2303,100,19410,0,0.0735458383737268
2304,100,19410,1253,0.1112979769522647
2305,100,1253,1253,0.2804891295839412
2306,100,1253,11209,0.14629254374354292
2307,100,0,11209,0.13999886854480406
2308,100,19410,11209,0.12612415125926518
2309,100,-2,17993,0.1684764836153503
2310,100,0,17993,0.12207426284291452
2311,100,162547,17993,0.32601245560689995
2312,100,-2,19633,0.2120389858263934
2313,100,234414,19633,0.29276463956934073
2314,100,309719,19633,0.24059899128567766
2315,100,-1,19410,0.1262487073553619
2316,100,19410,19410,0.1713162020799632
2317,100,145606,162547,0.6237054485562954
2318,100,117172,145606,0.2959878682313435
2319,100,369433,145606,0.07228633341715013
2320,100,117172,234414,0.15151238914725967
2321,100,234414,117172,0.15151238914725967
2322,100,0,309719,0.07752703556151258
2323,101,1254,1254,0.19455812633237632
2324,101,-2,1254,0.12698330612331726
2325,101,11209,0,0.11298335346905576
2326,101,19410,0,0.07028276283081708
2327,101,19410,1253,0.09496096922543706
2328,101,1253,1253,0.25979433003343644
2329,101,1253,11209,0.1333571517367707
2330,101,0,11209,0.11298335346905576
2331,101,19410,11209,0.10243425025846672
2332,101,-2,17993,0.15750536586319888
2333,101,0,17993,0.10680874544727215
2334,101,162547,17993,0.29981306839407557
2335,101,-2,19633,0.20486350553300148
2336,101,234414,19633,0.2567222856421742
2337,101,309719,19633,0.2298807807086776
2338,101,-1,19410,0.12216121896764295
2339,101,19410,19410,0.16480673330892287
2340,101,145606,162547,0.6234626154242268
2341,101,117172,145606,0.29074169993631743
2342,101,369433,145606,0.07377735416758671
2343,101,117172,234414,0.13283110154352012
2344,101,234414,117172,0.13283110154352012
2345,101,0,309719,0.06955803777861759
2346,102,1254,1254,0.15925848884458527
2347,102,-2,1254,0.11597688139530593
2348,102,11209,0,0.12152090375503052
2349,102,19410,0,0.07756552980439725
2350,102,19410,1253,0.10366930100689442
2351,102,1253,1253,0.22844226160485742
2352,102,1253,11209,0.1269512785617118
2353,102,0,11209,0.12152090375503052
2354,102,19410,11209,0.12436730334498068
2355,102,-2,17993,0.15751517703680026
2356,102,0,17993,0.10829118322222314
2357,102,162547,17993,0.29647144717035634
2358,102,-2,19633,0.20888194977482405
2359,102,234414,19633,0.29051644493540524
2360,102,309719,19633,0.23673519921919306
2361,102,-1,19410,0.12752684010933185
2362,102,19410,19410,0.17123669884197626
2363,102,145606,162547,0.623635983165414
2364,102,117172,145606,0.2948963989598063
2365,102,369433,145606,0.07278172427077179
2366,102,117172,234414,0.15137774862905692
2367,102,234414,117172,0.15137774862905692
2368,102,0,309719,0.07214264037260103
2369,103,1254,1254,0.15469774320745197
2370,103,-2,1254,0.11949469389516779
2371,103,11209,0,0.11971917361677313
2372,103,19410,0,0.08140437033178878
2373,103,19410,1253,0.10532042193312659
2374,103,1253,1253,0.20728780300385152
2375,103,1253,11209,0.11388955867601268
2376,103,0,11209,0.11971917361677313
2377,103,19410,11209,0.13376298737408548
2378,103,-2,17993,0.1482718975096429
2379,103,0,17993,0.10320083351622907
2380,103,162547,17993,0.2896234010342014
2381,103,-2,19633,0.21128140512689297
2382,103,234414,19633,0.29553186841643964
2383,103,309719,19633,0.2366990131349512
2384,103,-1,19410,0.13180245473843866
2385,103,19410,19410,0.17622865154459091
2386,103,145606,162547,0.6236920407365797
2387,103,117172,145606,0.2960741590809236
2388,103,369433,145606,0.07228621488174719
2389,103,117172,234414,0.15411935695157192
2390,103,234414,117172,0.15411935695157192
2391,103,0,309719,0.07210275229310198
2392,104,1254,1254,0.15363485339076388
2393,104,-2,1254,0.12317416648865198
2394,104,11209,0,0.1173026791846268
2395,104,19410,0,0.08424665665969705
2396,104,19410,1253,0.1077512939870837
2397,104,1253,1253,0.19256152980178318
2398,104,1253,11209,0.1048220485321879
2399,104,0,11209,0.1173026791846268
2400,104,19410,11209,0.14120302181614286
2401,104,-2,17993,0.14100058050953346
2402,104,0,17993,0.09806897569625284
2403,104,162547,17993,0.2826324364337089
2404,104,-2,19633,0.21285467685701084
2405,104,234414,19633,0.29395533741793695
2406,104,309719,19633,0.23595358913346912
2407,104,-1,19410,0.1357453124657773
2408,104,19410,19410,0.1822158896594821
2409,104,145606,162547,0.623676769430305
2410,104,117172,145606,0.2958478073815885
2411,104,369433,145606,0.07238463768577194
2412,104,117172,234414,0.15297732861730837
2413,104,234414,117172,0.15297732861730837
2414,104,0,309719,0.07150925623982489
2415,105,1254,1254,0.1474374831604397
2416,105,-2,1254,0.12384857033840208
2417,105,11209,0,0.1180275966408553
2418,105,19410,0,0.08715419248829405
2419,105,19410,1253,0.11065128330255464
2420,105,1253,1253,0.18442537158304256
2421,105,1253,11209,0.1002936315743339
2422,105,0,11209,0.1180275966408553
2423,105,19410,11209,0.14865444729746205
2424,105,-2,17993,0.1351223641127774
2425,105,0,17993,0.09517253138698263
2426,105,162547,17993,0.27606232133820685
2427,105,-2,19633,0.21413647326765525
2428,105,234414,19633,0.29712859742029135
2429,105,309719,19633,0.23627668169699093
2430,105,-1,19410,0.13860825942363844
2431,105,19410,19410,0.1865945526931322
2432,105,145606,162547,0.6236813785986378
2433,105,117172,145606,0.29610929959851573
2434,105,369433,145606,0.0723781230018864
2435,105,117172,234414,0.15447186492061876
2436,105,234414,117172,0.15447186492061876
2437,105,0,309719,0.0715417108037468
2438,106,1254,1254,0.13406727495634818
2439,106,-2,1254,0.11837976825659627
2440,106,11209,0,0.11625628709336498
2441,106,19410,0,0.08551292543492936
2442,106,19410,1253,0.10955563759501305
2443,106,1253,1253,0.1886395677021622
2444,106,1253,11209,0.10371192058568035
2445,106,0,11209,0.11625628709336498
2446,106,19410,11209,0.14835733245777039
2447,106,-2,17993,0.12444576220515872
2448,106,0,17993,0.08919518765752178
2449,106,162547,17993,0.25849912920049245
2450,106,-2,19633,0.21145167766620818
2451,106,234414,19633,0.30562244390882687
2452,106,309719,19633,0.23599343020836033
2453,106,-1,19410,0.13421623910204297
2454,106,19410,19410,0.17995495572179504
2455,106,145606,162547,0.6237088485241346
2456,106,117172,145606,0.2969331614554524
2457,106,369433,145606,0.07217472103682002
2458,106,117172,234414,0.15932189259474808
2459,106,234414,117172,0.15932189259474808
2460,106,0,309719,0.07031207098978731
2461,107,1254,1254,0.11891660759918077
2462,107,-2,1254,0.1125237515525901
2463,107,11209,0,0.12111870578756956
2464,107,19410,0,0.08582698771861724
2465,107,19410,1253,0.11284726968966932
2466,107,1253,1253,0.17424456425575624
2467,107,1253,11209,0.10149703772685574
2468,107,0,11209,0.12111870578756956
2469,107,19410,11209,0.15453105442672663
2470,107,-2,17993,0.13083792514928652
2471,107,0,17993,0.09386825407362932
2472,107,162547,17993,0.26458638071080187
2473,107,-2,19633,0.2136404096125773
2474,107,234414,19633,0.3226664167678486
2475,107,309719,19633,0.23989385767207114
2476,107,-1,19410,0.13616216428888003
2477,107,19410,19410,0.18157247175063784
2478,107,145606,162547,0.6238124915761841
2479,107,117172,145606,0.29924946478288345
2480,107,369433,145606,0.07152227831998506
2481,107,117172,234414,0.16879312851308986
2482,107,234414,117172,0.16879312851308986
2483,107,0,309719,0.0712725565828159
2484,108,1254,1254,0.11482292508159
2485,108,-2,1254,0.10807961088949511
2486,108,11209,0,0.11088132632742766
2487,108,19410,0,0.07968908524961081
2488,108,19410,1253,0.10502115576449549
2489,108,1253,1253,0.18588680411433608
2490,108,1253,11209,0.10573765839562486
2491,108,0,11209,0.11088132632742766
2492,108,19410,11209,0.14284325088413322
2493,108,-2,17993,0.1224356739961377
2494,108,0,17993,0.08799087609060484
2495,108,162547,17993,0.24262616462035494
2496,108,-2,19633,0.20750768461551203
2497,108,234414,19633,0.3218585512094185
2498,108,309719,19633,0.2366134534415873
2499,108,-1,19410,0.12602573104152992
2500,108,19410,19410,0.16669563732377976
2501,108,145606,162547,0.6237945249501387
2502,108,117172,145606,0.2990953878158361
2503,108,369433,145606,0.07155819643555812
2504,108,117172,234414,0.16889199967260315
2505,108,234414,117172,0.16889199967260315
2506,108,0,309719,0.0673770328166008
2507,109,1254,1254,0.09725936005432147
2508,109,-2,1254,0.09839975326617716
2509,109,11209,0,0.1117698938535607
2510,109,19410,0,0.07663835317196109
2511,109,19410,1253,0.09954670358119339
2512,109,1253,1253,0.18533512423952533
2513,109,1253,11209,0.10941863506265694
2514,109,0,11209,0.1117698938535607
2515,109,19410,11209,0.13891388329286478
2516,109,-2,17993,0.1253353503502025
2517,109,0,17993,0.09109868064213034
2518,109,162547,17993,0.23480599307057748
2519,109,-2,19633,0.20418561362540616
2520,109,234414,19633,0.34427682801061743
2521,109,309719,19633,0.23969672985385598
2522,109,-1,19410,0.1175291186358065
2523,109,19410,19410,0.15397911809860704
2524,109,145606,162547,0.6239296884902042
2525,109,117172,145606,0.30211576213260655
2526,109,369433,145606,0.0706758525390192
2527,109,117172,234414,0.18210458490749537
2528,109,234414,117172,0.18210458490749537
2529,109,0,309719,0.068149563631485
2530,110,1254,1254,0.08532789039364237
2531,110,-2,1254,0.09085913813440495
2532,110,11209,0,0.10936518397175769
2533,110,19410,0,0.07169460061879838
2534,110,19410,1253,0.09575252272473588
2535,110,1253,1253,0.1871306776667046
2536,110,1253,11209,0.11195622049585553
2537,110,0,11209,0.10936518397175769
2538,110,19410,11209,0.13414914954562773
2539,110,-2,17993,0.12523137218243668
2540,110,0,17993,0.09434653142344246
2541,110,162547,17993,0.22606796598345136
2542,110,-2,19633,0.20182668879688054
2543,110,234414,19633,0.35470764087021006
2544,110,309719,19633,0.2401704904537197
2545,110,-1,19410,0.11194357749754086
2546,110,19410,19410,0.14529467519834002
2547,110,145606,162547,0.6239931016054353
2548,110,117172,145606,0.3035506518267016
2549,110,369433,145606,0.07021406679456363
2550,110,117172,234414,0.18831415212436423
2551,110,234414,117172,0.18831415212436423
2552,110,0,309719,0.0663972942290964
2553,111,1254,1254,0.08285761694217886
2554,111,-2,1254,0.09187758185811046
2555,111,11209,0,0.11304860085549333
2556,111,19410,0,0.07262870900981966
2557,111,19410,1253,0.09743235071071628
2558,111,1253,1253,0.17777162785256415
2559,111,1253,11209,0.11044589045750475
2560,111,0,11209,0.11304860085549333
2561,111,19410,11209,0.13836873655739215
2562,111,-2,17993,0.12604718455663863
2563,111,0,17993,0.0942670777029782
2564,111,162547,17993,0.23207215185914304
2565,111,-2,19633,0.20339437234872754
2566,111,234414,19633,0.362306533253457
2567,111,309719,19633,0.24228498804073578
2568,111,-1,19410,0.11362893196013318
2569,111,19410,19410,0.1467292721272107
2570,111,145606,162547,0.6240489407147034
2571,111,117172,145606,0.3046602917895334
2572,111,369433,145606,0.06981903844632677
2573,111,117172,234414,0.1925622098039999
2574,111,234414,117172,0.1925622098039999
2575,111,0,309719,0.06804783044378936
2576,112,1254,1254,0.08690283071821797
2577,112,-2,1254,0.09473384459433298
2578,112,11209,0,0.11235481143054597
2579,112,19410,0,0.07367384401983441
2580,112,19410,1253,0.09806134027426947
2581,112,1253,1253,0.17137206205761418
2582,112,1253,11209,0.10566961673691294
2583,112,0,11209,0.11235481143054597
2584,112,19410,11209,0.13716451842783833
2585,112,-2,17993,0.1244272558143439
2586,112,0,17993,0.09372379333822455
2587,112,162547,17993,0.2318640232444008
2588,112,-2,19633,0.20412869810692644
2589,112,234414,19633,0.35561947474478084
2590,112,309719,19633,0.2408789582499783
2591,112,-1,19410,0.1156967911277898
2592,112,19410,19410,0.14944917807642896
2593,112,145606,162547,0.6240163037718184
2594,112,117172,145606,0.30385245377564835
2595,112,369433,145606,0.07001077644840394
2596,112,117172,234414,0.18858513998047582
2597,112,234414,117172,0.18858513998047582
2598,112,0,309719,0.06815175626577562
2599,113,1254,1254,0.08082471474678868
2600,113,-2,1254,0.09006029516180743
2601,113,11209,0,0.10838630264552533
2602,113,19410,0,0.07041416033459526
2603,113,19410,1253,0.09609056775108872
2604,113,1253,1253,0.1818202161165302
2605,113,1253,11209,0.11122109456143986
2606,113,0,11209,0.10838630264552533
2607,113,19410,11209,0.13210059001190405
2608,113,-2,17993,0.12354193261732002
2609,113,0,17993,0.09445680205496784
2610,113,162547,17993,0.2222814765604506
2611,113,-2,19633,0.20163807837116243
2612,113,234414,19633,0.3575375799570291
2613,113,309719,19633,0.2399472992037694
2614,113,-1,19410,0.11158004446655576
2615,113,19410,19410,0.14408683932802593
2616,113,145606,162547,0.6240056331441203
2617,113,117172,145606,0.30389139733639914
2618,113,369433,145606,0.07011297733752331
2619,113,117172,234414,0.18978102907504593
2620,113,234414,117172,0.18978102907504593
2621,113,0,309719,0.06525327129288457
2622,114,1254,1254,0.07784313128931519
2623,114,-2,1254,0.089854264511402
2624,114,11209,0,0.11408390150910709
2625,114,19410,0,0.0738038038018097
2626,114,19410,1253,0.09714326723094441
2627,114,1253,1253,0.1719138053724578
2628,114,1253,11209,0.10940953653964391
2629,114,0,11209,0.11408390150910709
2630,114,19410,11209,0.13806142466453475
2631,114,-2,17993,0.12183550667701168
2632,114,0,17993,0.09586477120962993
2633,114,162547,17993,0.23271904036188146
2634,114,-2,19633,0.2033604705894986
2635,114,234414,19633,0.3669595594068337
2636,114,309719,19633,0.24314864474937395
2637,114,-1,19410,0.1132189332423452
2638,114,19410,19410,0.14564653441378064
2639,114,145606,162547,0.6240766985839251
2640,114,117172,145606,0.30529838368452256
2641,114,369433,145606,0.06962794702765226
2642,114,117172,234414,0.19516797884236312
2643,114,234414,117172,0.19516797884236312
2644,114,0,309719,0.06871637980315003
2645,115,1254,1254,0.08976679741091449
2646,115,-2,1254,0.09805372750421787
2647,115,11209,0,0.11499158147923995
2648,115,19410,0,0.07791326146752815
2649,115,19410,1253,0.09986657301760603
2650,115,1253,1253,0.15685390063765886
2651,115,1253,11209,0.0987712967824664
2652,115,0,11209,0.11499158147923995
2653,115,19410,11209,0.1418286936735488
2654,115,-2,17993,0.12714606155663447
2655,115,0,17993,0.09865359301569775
2656,115,162547,17993,0.24249173578413385
2657,115,-2,19633,0.2073537950534185
2658,115,234414,19633,0.3559356813268066
2659,115,309719,19633,0.24220327075234985
2660,115,-1,19410,0.12086598267360785
2661,115,19410,19410,0.15645132671051099
2662,115,145606,162547,0.6240372377313447
2663,115,117172,145606,0.30417362810395016
2664,115,369433,145606,0.06988060244031967
2665,115,117172,234414,0.18855524844566968
2666,115,234414,117172,0.18855524844566968
2667,115,0,309719,0.06959350610607742
2668,116,1254,1254,0.10136453891778267
2669,116,-2,1254,0.10346364550486142
2670,116,11209,0,0.11076128114715177
2671,116,19410,0,0.07826821198724136
2672,116,19410,1253,0.10093481176421927
2673,116,1253,1253,0.16331084466056953
2674,116,1253,11209,0.09898042848720807
2675,116,0,11209,0.11076128114715177
2676,116,19410,11209,0.14114957254557767
2677,116,-2,17993,0.11949201547658564
2678,116,0,17993,0.09045698045735874
2679,116,162547,17993,0.23677546627186224
2680,116,-2,19633,0.20649810545264846
2681,116,234414,19633,0.3394132147344888
2682,116,309719,19633,0.23879998516569345
2683,116,-1,19410,0.12202979396433714
2684,116,19410,19410,0.1591835132885414
2685,116,145606,162547,0.6239240374221846
2686,116,117172,145606,0.30172841773173015
2687,116,369433,145606,0.07063036312960977
2688,116,117172,234414,0.17909935178797762
2689,116,234414,117172,0.17909935178797762
2690,116,0,309719,0.06854233071590884
2691,117,1254,1254,0.08791201695581534
2692,117,-2,1254,0.09437953273794243
2693,117,11209,0,0.10773144504906083
2694,117,19410,0,0.0730177888418486
2695,117,19410,1253,0.09902474069052479
2696,117,1253,1253,0.1784839293262701
2697,117,1253,11209,0.10918657105391236
2698,117,0,11209,0.10773144504906083
2699,117,19410,11209,0.13624833496494126
2700,117,-2,17993,0.12025748669743076
2701,117,0,17993,0.09272925135624079
2702,117,162547,17993,0.2260910309989903
2703,117,-2,19633,0.20328267426969995
2704,117,234414,19633,0.34932889319641874
2705,117,309719,19633,0.23923581414688128
2706,117,-1,19410,0.11587654827311858
2707,117,19410,19410,0.15096633564568687
2708,117,145606,162547,0.6239508877382712
2709,117,117172,145606,0.30270893553847217
2710,117,369433,145606,0.0705137195979453
2711,117,117172,234414,0.18489877810097322
2712,117,234414,117172,0.18489877810097322
2713,117,0,309719,0.06516253777238094
2714,118,1254,1254,0.07946293461008924
2715,118,-2,1254,0.08933136364435525
2716,118,11209,0,0.10951002323746585
2717,118,19410,0,0.07211839970368991
2718,118,19410,1253,0.09435297117109778
2719,118,1253,1253,0.17696738231593157
2720,118,1253,11209,0.10924482844002585
2721,118,0,11209,0.10951002323746585
2722,118,19410,11209,0.13417219548522785
2723,118,-2,17993,0.11983496753327721
2724,118,0,17993,0.0949359220642293
2725,118,162547,17993,0.2252792158697407
2726,118,-2,19633,0.2013928001698954
2727,118,234414,19633,0.362205374513199
2728,118,309719,19633,0.24150393724431823
2729,118,-1,19410,0.11048754397211558
2730,118,19410,19410,0.14277670187469046
2731,118,145606,162547,0.6240428578378278
2732,118,117172,145606,0.30463564679480376
2733,118,369433,145606,0.06987024569565524
2734,118,117172,234414,0.1926358211053465
2735,118,234414,117172,0.1926358211053465
2736,118,0,309719,0.06724501793917628
2737,119,1254,1254,0.07478967026349774
2738,119,-2,1254,0.08572423368566881
2739,119,11209,0,0.10753166082072517
2740,119,19410,0,0.06935406437157737
2741,119,19410,1253,0.09247581034509017
2742,119,1253,1253,0.18271852035643957
2743,119,1253,11209,0.11223219566937052
2744,119,0,11209,0.10753166082072517
2745,119,19410,11209,0.13050788116891007
2746,119,-2,17993,0.1205101809951085
2747,119,0,17993,0.09631068701183959
2748,119,162547,17993,0.21858401385752324
2749,119,-2,19633,0.1999079536528863
2750,119,234414,19633,0.3647735021925019
2751,119,309719,19633,0.24085790020966913
2752,119,-1,19410,0.1074389751797249
2753,119,19410,19410,0.13814616684612607
2754,119,145606,162547,0.6240537295380796
2755,119,117172,145606,0.3049308282333755
2756,119,369433,145606,0.06978138818116791
2757,119,117172,234414,0.19422143076328238
2758,119,234414,117172,0.19422143076328238
2759,119,0,309719,0.06560562958693267
2760,120,1254,1254,0.07111627367767472
2761,120,-2,1254,0.08407816247969839
2762,120,11209,0,0.10794541499213053
2763,120,19410,0,0.06814293224883981
2764,120,19410,1253,0.09079695302655746
2765,120,1253,1253,0.18321569651769049
2766,120,1253,11209,0.11305322042881547
2767,120,0,11209,0.10794541499213053
2768,120,19410,11209,0.12961361359918347
2769,120,-2,17993,0.12303578518985028
2770,120,0,17993,0.09611343299188085
2771,120,162547,17993,0.21746972641401072
2772,120,-2,19633,0.1990849015978465
2773,120,234414,19633,0.37090311150204663
2774,120,309719,19633,0.24183717132880336
2775,120,-1,19410,0.10508700587403252
2776,120,19410,19410,0.13460322005057432
2777,120,145606,162547,0.6240947691337841
2778,120,117172,145606,0.3058095891205723
2779,120,369433,145606,0.06950200447962855
2780,120,117172,234414,0.19787590304518182
2781,120,234414,117172,0.19787590304518182
2782,120,0,309719,0.0660238900330923
2783,121,1254,1254,0.07096075112671058
2784,121,-2,1254,0.0846649316494792
2785,121,11209,0,0.1111545486672466
2786,121,19410,0,0.06928060460848556
2787,121,19410,1253,0.09408883561685709
2788,121,1253,1253,0.17583122716173916
2789,121,1253,11209,0.11120436700038337
2790,121,0,11209,0.1111545486672466
2791,121,19410,11209,0.13458177290427875
2792,121,-2,17993,0.12368860965532233
2793,121,0,17993,0.09820104187339798
2794,121,162547,17993,0.22468354560854337
2795,121,-2,19633,0.20142196351078
2796,121,234414,19633,0.3719494545193094
2797,121,309719,19633,0.2429063558821366
2798,121,-1,19410,0.10893235378873578
2799,121,19410,19410,0.1394078871257326
2800,121,145606,162547,0.6241089538346376
2801,121,117172,145606,0.3060002406434286
2802,121,369433,145606,0.06939025753697607
2803,121,117172,234414,0.19826448361664006
2804,121,234414,117172,0.19826448361664006
2805,121,0,309719,0.06714401849830107
2806,122,1254,1254,0.07976757940617228
2807,122,-2,1254,0.091914128589107
2808,122,11209,0,0.11474653562994887
2809,122,19410,0,0.07445725197691146
2810,122,19410,1253,0.09919104113474354
2811,122,1253,1253,0.16198069013811836
2812,122,1253,11209,0.10272097241366875
2813,122,0,11209,0.11474653562994887
2814,122,19410,11209,0.14100473440960293
2815,122,-2,17993,0.12884939385535474
2816,122,0,17993,0.10178126025455367
2817,122,162547,17993,0.23722203295899022
2818,122,-2,19633,0.2060637617482336
2819,122,234414,19633,0.3642690841894641
2820,122,309719,19633,0.24305834862287398
2821,122,-1,19410,0.11760463082261684
2822,122,19410,19410,0.1516595126655052
2823,122,145606,162547,0.6240804954428626
2824,122,117172,145606,0.30519617010861544
2825,122,369433,145606,0.06959663605657662
2826,122,117172,234414,0.19342542036687593
2827,122,234414,117172,0.19342542036687593
2828,122,0,309719,0.06866115803286946
2829,123,1254,1254,0.09649529353619467
2830,123,-2,1254,0.10204876502423176
2831,123,11209,0,0.1143736676017824
2832,123,19410,0,0.07927512406417836
2833,123,19410,1253,0.1028233329876229
2834,123,1253,1253,0.1573077402373105
2835,123,1253,11209,0.09658784498467382
2836,123,0,11209,0.1143736676017824
2837,123,19410,11209,0.14649126063004658
2838,123,-2,17993,0.12680417418786785
2839,123,0,17993,0.09776906365685976
2840,123,162547,17993,0.24457384274449584
2841,123,-2,19633,0.20912942654908626
2842,123,234414,19633,0.3476702639543516
2843,123,309719,19633,0.2410917660914676
2844,123,-1,19410,0.1249186896976993
2845,123,19410,19410,0.16303579272741792
2846,123,145606,162547,0.6239908721887556
2847,123,117172,145606,0.3031298093702179
2848,123,369433,145606,0.07017846116557191
2849,123,117172,234414,0.1837243974694318
2850,123,234414,117172,0.1837243974694318
2851,123,0,309719,0.0693194355971841
2852,124,1254,1254,0.09794694299805538
2853,124,-2,1254,0.10022763315456917
2854,124,11209,0,0.10625931701047907
2855,124,19410,0,0.07572209079957154
2856,124,19410,1253,0.10017406218271584
2857,124,1253,1253,0.1797171175008257
2858,124,1253,11209,0.10684085288876781
2859,124,0,11209,0.10625931701047907
2860,124,19410,11209,0.13932266255634249
2861,124,-2,17993,0.11882508503069605
2862,124,0,17993,0.08563806006481241
2863,124,162547,17993,0.22690121154025447
2864,124,-2,19633,0.20448785234781175
2865,124,234414,19633,0.3385602023517826
2866,124,309719,19633,0.23760891788880623
2867,124,-1,19410,0.11915954709511582
2868,124,19410,19410,0.15602047975270825
2869,124,145606,162547,0.6238893154423898
2870,124,117172,145606,0.3013138840580476
2871,124,369433,145606,0.07090256311907558
2872,124,117172,234414,0.1786986498013511
2873,124,234414,117172,0.1786986498013511
2874,124,0,309719,0.06518264227761895
2875,125,1254,1254,0.09096045403056421
2876,125,-2,1254,0.09851833851341063
2877,125,11209,0,0.11810393114922797
2878,125,19410,0,0.08366660505519971
2879,125,19410,1253,0.10395233973273856
2880,125,1253,1253,0.1640389752532824
2881,125,1253,11209,0.1046045442945885
2882,125,0,11209,0.11810393114922797
2883,125,19410,11209,0.15142960820479268
2884,125,-2,17993,0.12532671779067125
2885,125,0,17993,0.09487577591601072
2886,125,162547,17993,0.24782649658044256
2887,125,-2,19633,0.2087933324640083
2888,125,234414,19633,0.3556716112663503
2889,125,309719,19633,0.2439876304482448
2890,125,-1,19410,0.12432500962566125
2891,125,19410,19410,0.16220609518132173
2892,125,145606,162547,0.6240095938513258
2893,125,117172,145606,0.30371880332861745
2894,125,369433,145606,0.07016835688420901
2895,125,117172,234414,0.18825513352987572
2896,125,234414,117172,0.18825513352987572
2897,125,0,309719,0.07110558484015095
2898,126,1254,1254,0.11008782429429347
2899,126,-2,1254,0.10380463643541112
2900,126,11209,0,0.10299660277309657
2901,126,19410,0,0.07602130872276028
2902,126,19410,1253,0.09738207600394047
2903,126,1253,1253,0.1689843011545913
2904,126,1253,11209,0.10093922860960117
2905,126,0,11209,0.10299660277309657
2906,126,19410,11209,0.1362965674201114
2907,126,-2,17993,0.1203060439848189
2908,126,0,17993,0.08637243756095604
2909,126,162547,17993,0.2353504187228269
2910,126,-2,19633,0.2038944302450525
2911,126,234414,19633,0.3312403157828057
2912,126,309719,19633,0.2371453485582641
2913,126,-1,19410,0.11859645932349593
2914,126,19410,19410,0.1542083793252814
2915,126,145606,162547,0.6238650099042575
2916,126,117172,145606,0.3005860128489595
2917,126,369433,145606,0.07102900781093371
2918,126,117172,234414,0.17491769488324505
2919,126,234414,117172,0.17491769488324505
2920,126,0,309719,0.06665246804384695
2921,127,1254,1254,0.0993058628446593
2922,127,-2,1254,0.10035287369682647
2923,127,11209,0,0.11212880377138765
2924,127,19410,0,0.07990683162783782
2925,127,19410,1253,0.10407389107426024
2926,127,1253,1253,0.16014090756830018
2927,127,1253,11209,0.10123870144874367
2928,127,0,11209,0.11212880377138765
2929,127,19410,11209,0.14761918386250236
2930,127,-2,17993,0.12801824232583486
2931,127,0,17993,0.0925726060318547
2932,127,162547,17993,0.24795840952147688
2933,127,-2,19633,0.20814002377230345
2934,127,234414,19633,0.3441498934105798
2935,127,309719,19633,0.2414685330889815
2936,127,-1,19410,0.12452426654314262
2937,127,19410,19410,0.1623532054147764
2938,127,145606,162547,0.6239401768242934
2939,127,117172,145606,0.3021742012916802
2940,127,369433,145606,0.07064685747588637
2941,127,117172,234414,0.18176317717573415
2942,127,234414,117172,0.18176317717573415
2943,127,0,309719,0.06919858798422203
2944,128,1254,1254,0.10324844695702398
2945,128,-2,1254,0.1005868629819987
2946,128,11209,0,0.10417071848832349
2947,128,19410,0,0.07558038183475063
2948,128,19410,1253,0.09888304223754514
2949,128,1253,1253,0.17451569917575574
2950,128,1253,11209,0.10450499615724682
2951,128,0,11209,0.10417071848832349
2952,128,19410,11209,0.13775176839035366
2953,128,-2,17993,0.12069752550673027
2954,128,0,17993,0.08699842158541495
2955,128,162547,17993,0.2322253708777836
2956,128,-2,19633,0.20382530669410048
2957,128,234414,19633,0.33492067736359926
2958,128,309719,19633,0.237438543386129
2959,128,-1,19410,0.11828307624967246
2960,128,19410,19410,0.1538125045756036
2961,128,145606,162547,0.6238761936790049
2962,128,117172,145606,0.3009351258610946
2963,128,369433,145606,0.07098795648136452
2964,128,117172,234414,0.17685501719672087
2965,128,234414,117172,0.17685501719672087
2966,128,0,309719,0.06611419299017822
2967,129,1254,1254,0.08934258601316383
2968,129,-2,1254,0.09334066458015192
2969,129,11209,0,0.10672925235849437
2970,129,19410,0,0.0735531621335055
2971,129,19410,1253,0.09572746998173212
2972,129,1253,1253,0.17876588818135433
2973,129,1253,11209,0.10916939680353535
2974,129,0,11209,0.10672925235849437
2975,129,19410,11209,0.1354237062989829
2976,129,-2,17993,0.12374546812948266
2977,129,0,17993,0.09011874960982133
2978,129,162547,17993,0.22744028969660204
2979,129,-2,19633,0.20172512646795537
2980,129,234414,19633,0.3525570524544438
2981,129,309719,19633,0.24007094610923446
2982,129,-1,19410,0.11246253007164778
2983,129,19410,19410,0.14556886411150036
2984,129,145606,162547,0.6239791794945085
2985,129,117172,145606,0.30325305838878647
2986,129,369433,145606,0.07033399084976807
2987,129,117172,234414,0.18714711407522852
2988,129,234414,117172,0.18714711407522852
2989,129,0,309719,0.06691173553451589
2990,130,1254,1254,0.07970016418071789
2991,130,-2,1254,0.08722286699835065
2992,130,11209,0,0.10587227288336955
2993,130,19410,0,0.06939875442334315
2994,130,19410,1253,0.09315334116888463
2995,130,1253,1253,0.18234090743889253
2996,130,1253,11209,0.11162777226957828
2997,130,0,11209,0.10587227288336955
2998,130,19410,11209,0.13201278352398865
2999,130,-2,17993,0.12430721646984333
3000,130,0,17993,0.09391278076883276
3001,130,162547,17993,0.22158426548702403
3002,130,-2,19633,0.2002142686841527
3003,130,234414,19633,0.36074040594791584
3004,130,309719,19633,0.24058758262667715
3005,130,-1,19410,0.1085365886984064
3006,130,19410,19410,0.13964347766644444
3007,130,145606,162547,0.6240302196605015
3008,130,117172,145606,0.30439091154097
3009,130,369433,145606,0.06995827339194642
3010,130,117172,234414,0.19197802490041996
3011,130,234414,117172,0.19197802490041996
3012,130,0,309719,0.0656270160635116
3013,131,1254,1254,0.08143145990443407
3014,131,-2,1254,0.09219988173335937
3015,131,11209,0,0.11349160369548622
3016,131,19410,0,0.07411050315061925
3017,131,19410,1253,0.0992357648875622
3018,131,1253,1253,0.1676188379719411
3019,131,1253,11209,0.1071327434887012
3020,131,0,11209,0.11349160369548622
3021,131,19410,11209,0.1431525240933933
3022,131,-2,17993,0.13109262434198365
3023,131,0,17993,0.09815828510777772
3024,131,162547,17993,0.23787707862099067
3025,131,-2,19633,0.2054600346361995
3026,131,234414,19633,0.36610396522952193
3027,131,309719,19633,0.24387872588076698
3028,131,-1,19410,0.11660108825872982
3029,131,19410,19410,0.15019696411032904
3030,131,145606,162547,0.624080760345272
3031,131,117172,145606,0.3052627216882075
3032,131,369433,145606,0.06964169463850997
3033,131,117172,234414,0.1946143755138274
3034,131,234414,117172,0.1946143755138274
3035,131,0,309719,0.06830375683911825
3036,132,1254,1254,0.10019816706381743
3037,132,-2,1254,0.10097398515168371
3038,132,11209,0,0.10760210445714256
3039,132,19410,0,0.07471882937750869
3040,132,19410,1253,0.09873138802902236
3041,132,1253,1253,0.16583974371137178
3042,132,1253,11209,0.1013262068788633
3043,132,0,11209,0.10760210445714256
3044,132,19410,11209,0.1398090657469314
3045,132,-2,17993,0.123224483596395
3046,132,0,17993,0.09008611886508594
3047,132,162547,17993,0.23668762255629333
3048,132,-2,19633,0.20512907761404228
3049,132,234414,19633,0.3443248623081315
3050,132,309719,19633,0.23945825756362218
3051,132,-1,19410,0.11868409669147144
3052,132,19410,19410,0.15366772175557047
3053,132,145606,162547,0.6239637290431805
3054,132,117172,145606,0.3025288531503586
3055,132,369433,145606,0.07033767467263463
3056,132,117172,234414,0.18228345014902078
3057,132,234414,117172,0.18228345014902078
3058,132,0,309719,0.06756711951566043
3059,133,1254,1254,0.09017391580018777
3060,133,-2,1254,0.09454154423052366
3061,133,11209,0,0.10464298717648375
3062,133,19410,0,0.07174845450950262
3063,133,19410,1253,0.09758588611515269
3064,133,1253,1253,0.18109282123394158
3065,133,1253,11209,0.11095776805292552
3066,133,0,11209,0.10464298717648375
3067,133,19410,11209,0.1348651411957668
3068,133,-2,17993,0.12194580386573582
3069,133,0,17993,0.08642922980880226
3070,133,162547,17993,0.22390966103079754
3071,133,-2,19633,0.2022321429349609
3072,133,234414,19633,0.3484210486459345
3073,133,309719,19633,0.2387631958064927
3074,133,-1,19410,0.11401740430469978
3075,133,19410,19410,0.14796223899290517
3076,133,145606,162547,0.6239460947920625
3077,133,117172,145606,0.30260036507985
3078,133,369433,145606,0.07054066651830129
3079,133,117172,234414,0.184578836081421
3080,133,234414,117172,0.184578836081421
3081,133,0,309719,0.06426628413791653
3082,134,1254,1254,0.08619497385064068
3083,134,-2,1254,0.0950688241369063
3084,134,11209,0,0.11577287725663937
3085,134,19410,0,0.07956033569412069
3086,134,19410,1253,0.10160627759353268
3087,134,1253,1253,0.16464446046860984
3088,134,1253,11209,0.10692356726781542
3089,134,0,11209,0.11577287725663937
3090,134,19410,11209,0.14740262721104136
3091,134,-2,17993,0.12716343271976366
3092,134,0,17993,0.09512944190645077
3093,134,162547,17993,0.24494560361729373
3094,134,-2,19633,0.20710821193519924
3095,134,234414,19633,0.36188694804217053
3096,134,309719,19633,0.24439939210062267
3097,134,-1,19410,0.12040924561803919
3098,134,19410,19410,0.15587770345063892
3099,134,145606,162547,0.6240507861964565
3100,134,117172,145606,0.30461473332308897
3101,134,369433,145606,0.06987111196727266
3102,134,117172,234414,0.19202157145753224
3103,134,234414,117172,0.19202157145753224
3104,134,0,309719,0.06980899461134424
3105,135,1254,1254,0.11194598280627056
3106,135,-2,1254,0.1057122442811954
3107,135,11209,0,0.10502717547519959
3108,135,19410,0,0.076852554259378
3109,135,19410,1253,0.0990212839982536
3110,135,1253,1253,0.15855420829229702
3111,135,1253,11209,0.09768565062782653
3112,135,0,11209,0.10502717547519959
3113,135,19410,11209,0.13970887895909956
3114,135,-2,17993,0.12154921880246429
3115,135,0,17993,0.08647206508511379
3116,135,162547,17993,0.2443639353202429
3117,135,-2,19633,0.20606738007298164
3118,135,234414,19633,0.33470671238495436
3119,135,309719,19633,0.23860558424831455
3120,135,-1,19410,0.12151944590979909
3121,135,19410,19410,0.15783509173475269
3122,135,145606,162547,0.6239132629857936
3123,135,117172,145606,0.3013335362531947
3124,135,369433,145606,0.0706684192201616
3125,135,117172,234414,0.17686269005788455
3126,135,234414,117172,0.17686269005788455
3127,135,0,309719,0.06763367627396989
3128,136,1254,1254,0.10026921537878865
3129,136,-2,1254,0.09892019803323804
3130,136,11209,0,0.10245859430142894
3131,136,19410,0,0.07372866809079417
3132,136,19410,1253,0.097947985988492
3133,136,1253,1253,0.17696341497420515
3134,136,1253,11209,0.10892045470293939
3135,136,0,11209,0.10245859430142894
3136,136,19410,11209,0.1348259829159679
3137,136,-2,17993,0.12013411908274445
3138,136,0,17993,0.08299718761739187
3139,136,162547,17993,0.2276494647987332
3140,136,-2,19633,0.20273988379884753
3141,136,234414,19633,0.3387215800789586
3142,136,309719,19633,0.23758942600233393
3143,136,-1,19410,0.11627142488283661
3144,136,19410,19410,0.15149793047304771
3145,136,145606,162547,0.6238856103058738
3146,136,117172,145606,0.3012624614085054
3147,136,369433,145606,0.07096404778880101
3148,136,117172,234414,0.17904429322977616
3149,136,234414,117172,0.17904429322977616
3150,136,0,309719,0.06445025402537155
3151,137,1254,1254,0.09097420686251542
3152,137,-2,1254,0.09509622623975024
3153,137,11209,0,0.11136927717772065
3154,137,19410,0,0.07812030914664038
3155,137,19410,1253,0.09768370578631398
3156,137,1253,1253,0.16605861334977634
3157,137,1253,11209,0.10688011021239693
3158,137,0,11209,0.11136927717772065
3159,137,19410,11209,0.14098647259946978
3160,137,-2,17993,0.12105200337368932
3161,137,0,17993,0.08928605679950471
3162,137,162547,17993,0.2404423796402945
3163,137,-2,19633,0.20421199546951213
3164,137,234414,19633,0.35593801247540047
3165,137,309719,19633,0.24247714382334046
3166,137,-1,19410,0.11637183591582698
3167,137,19410,19410,0.15065035029268892
3168,137,145606,162547,0.6240091151501936
3169,137,117172,145606,0.303792807520076
3170,137,369433,145606,0.070120197756031
3171,137,117172,234414,0.18893361496263553
3172,137,234414,117172,0.18893361496263553
3173,137,0,309719,0.0696177756032208
3174,138,1254,1254,0.10035660337152537
3175,138,-2,1254,0.10042443402709884
3176,138,11209,0,0.1078894029146573
3177,138,19410,0,0.07740242421787881
3178,138,19410,1253,0.09654636982382081
3179,138,1253,1253,0.1658804371397383
3180,138,1253,11209,0.09934166441409835
3181,138,0,11209,0.1078894029146573
3182,138,19410,11209,0.13671938199884492
3183,138,-2,17993,0.12064398109641614
3184,138,0,17993,0.08824418589491397
3185,138,162547,17993,0.23723757218868183
3186,138,-2,19633,0.20446064733176353
3187,138,234414,19633,0.3433001509745463
3188,138,309719,19633,0.23949141916083658
3189,138,-1,19410,0.11790777220352909
3190,138,19410,19410,0.15265353219559108
3191,138,145606,162547,0.6239506420057587
3192,138,117172,145606,0.30229889198790943
3193,138,369433,145606,0.07045543619271294
3194,138,117172,234414,0.1816380693297539
3195,138,234414,117172,0.1816380693297539
3196,138,0,309719,0.0688439348060895
3197,139,1254,1254,0.0903292197697875
3198,139,-2,1254,0.09419643169639776
3199,139,11209,0,0.10488265959986587
3200,139,19410,0,0.07335249707858968
3201,139,19410,1253,0.09566762936640896
3202,139,1253,1253,0.1799260394199327
3203,139,1253,11209,0.10851861586905531
3204,139,0,11209,0.10488265959986587
3205,139,19410,11209,0.13232888400194345
3206,139,-2,17993,0.12025198625101567
3207,139,0,17993,0.0898231859622846
3208,139,162547,17993,0.22475545431938743
3209,139,-2,19633,0.2018058237995103
3210,139,234414,19633,0.34807833464661675
3211,139,309719,19633,0.2388019152137851
3212,139,-1,19410,0.11333000732674407
3213,139,19410,19410,0.14686122510884686
3214,139,145606,162547,0.6239454119427108
3215,139,117172,145606,0.30257121668725895
3216,139,369433,145606,0.07054574369950951
3217,139,117172,234414,0.1843794957205766
3218,139,234414,117172,0.1843794957205766
3219,139,0,309719,0.06529171991196794
3220,140,1254,1254,0.08069968990259757
3221,140,-2,1254,0.0888335674531293
3222,140,11209,0,0.10800547470560001
3223,140,19410,0,0.07288657868209732
3224,140,19410,1253,0.09211375907287221
3225,140,1253,1253,0.17750757207154108
3226,140,1253,11209,0.10869968974199545
3227,140,0,11209,0.10800547470560001
3228,140,19410,11209,0.13186190903585032
3229,140,-2,17993,0.12018295599176612
3230,140,0,17993,0.09321210537104706
3231,140,162547,17993,0.22503257665354123
3232,140,-2,19633,0.2004322272003425
3233,140,234414,19633,0.3619076986914161
3234,140,309719,19633,0.24144511393986112
3235,140,-1,19410,0.10880377652012717
3236,140,19410,19410,0.14011811482416242
3237,140,145606,162547,0.6240422605557633
3238,140,117172,145606,0.30460947953020423
3239,140,369433,145606,0.06988027827904963
3240,140,117172,234414,0.19259675387293548
3241,140,234414,117172,0.19259675387293548
3242,140,0,309719,0.06771621019479303
3243,141,1254,1254,0.07969062236739696
3244,141,-2,1254,0.08942447755094149
3245,141,11209,0,0.11102586201438622
3246,141,19410,0,0.07357702606826243
3247,141,19410,1253,0.09501190382797858
3248,141,1253,1253,0.17253088158843924
3249,141,1253,11209,0.10779957243070111
3250,141,0,11209,0.11102586201438622
3251,141,19410,11209,0.1352786699607847
3252,141,-2,17993,0.12065836720213756
3253,141,0,17993,0.0948966156952494
3254,141,162547,17993,0.22815347095622565
3255,141,-2,19633,0.20226895793253524
3256,141,234414,19633,0.36285615575870045
3257,141,309719,19633,0.24184464385642448
3258,141,-1,19410,0.11169953948744615
3259,141,19410,19410,0.1435645034252024
3260,141,145606,162547,0.6240541356614224
3261,141,117172,145606,0.30476425340789964
3262,141,369433,145606,0.06977317038765343
3263,141,117172,234414,0.19293952968532663
3264,141,234414,117172,0.19293952968532663
3265,141,0,309719,0.06836654213565155
3266,142,1254,1254,0.08453380827736813
3267,142,-2,1254,0.09456374007823355
3268,142,11209,0,0.11524900039837549
3269,142,19410,0,0.07745407234091899
3270,142,19410,1253,0.10044478525366715
3271,142,1253,1253,0.1603544315015348
3272,142,1253,11209,0.1012215391543583
3273,142,0,11209,0.11524900039837549
3274,142,19410,11209,0.14223503781933391
3275,142,-2,17993,0.12667171505844846
3276,142,0,17993,0.09969795772140387
3277,142,162547,17993,0.24009159119515056
3278,142,-2,19633,0.20672966712368973
3279,142,234414,19633,0.3591280481115979
3280,142,309719,19633,0.2426566788271322
3281,142,-1,19410,0.119629130316351
3282,142,19410,19410,0.15472622700046335
3283,142,145606,162547,0.6240454649002981
3284,142,117172,145606,0.30443925348384004
3285,142,369433,145606,0.0698541116736679
3286,142,117172,234414,0.1903659573453101
3287,142,234414,117172,0.1903659573453101
3288,142,0,309719,0.06958217697042506
3289,143,1254,1254,0.09617136531792023
3290,143,-2,1254,0.1003959168693775
3291,143,11209,0,0.11169575093470674
3292,143,19410,0,0.07805529295515423
3293,143,19410,1253,0.10094278265757928
3294,143,1253,1253,0.16550877598248342
3295,143,1253,11209,0.10053268376913604
3296,143,0,11209,0.11169575093470674
3297,143,19410,11209,0.14143749846435255
3298,143,-2,17993,0.11925682405278243
3299,143,0,17993,0.0917889860864705
3300,143,162547,17993,0.23562264127754284
3301,143,-2,19633,0.20614816455803758
3302,143,234414,19633,0.34408537045084625
3303,143,309719,19633,0.2394799083405783
3304,143,-1,19410,0.1208517728412584
3305,143,19410,19410,0.15718244675412363
3306,143,145606,162547,0.6239515823954337
3307,143,117172,145606,0.30235574997973597
3308,143,369433,145606,0.0704398741100452
3309,143,117172,234414,0.1817893877540114
3310,143,234414,117172,0.1817893877540114
3311,143,0,309719,0.06884027615573209
3312,144,1254,1254,0.09329972464146646
3313,144,-2,1254,0.10090136302942736
3314,144,11209,0,0.11696639637599683
3315,144,19410,0,0.08053061856624197
3316,144,19410,1253,0.10669259726285138
3317,144,1253,1253,0.15792032146265192
3318,144,1253,11209,0.09903735429562689
3319,144,0,11209,0.11696639637599683
3320,144,19410,11209,0.14918093842013347
3321,144,-2,17993,0.12577068697020563
3322,144,0,17993,0.09802042318458697
3323,144,162547,17993,0.2457572252541715
3324,144,-2,19633,0.20963274772749124
3325,144,234414,19633,0.3476222003785195
3326,144,309719,19633,0.24164733196022842
3327,144,-1,19410,0.12661846143061237
3328,144,19410,19410,0.16554260414092112
3329,144,145606,162547,0.623965446647716
3330,144,117172,145606,0.3027291379628868
3331,144,369433,145606,0.07043224553843655
3332,144,117172,234414,0.1833538254222206
3333,144,234414,117172,0.1833538254222206
3334,144,0,309719,0.06983485303146565
3335,145,1254,1254,0.09490877033430621
3336,145,-2,1254,0.09913547858170327
3337,145,11209,0,0.10893996073959364
3338,145,19410,0,0.07648496180165285
3339,145,19410,1253,0.1013753455293771
3340,145,1253,1253,0.17696714730772792
3341,145,1253,11209,0.1058909264566068
3342,145,0,11209,0.10893996073959364
3343,145,19410,11209,0.14022329308102838
3344,145,-2,17993,0.11856298793484435
3345,145,0,17993,0.09123673886560578
3346,145,162547,17993,0.2292526061671406
3347,145,-2,19633,0.20493271460476237
3348,145,234414,19633,0.34123687649810475
3349,145,309719,19633,0.23828856187136005
3350,145,-1,19410,0.11964419329918416
3351,145,19410,19410,0.15610093886246137
3352,145,145606,162547,0.6239080210764308
3353,145,117172,145606,0.30171105983950536
3354,145,369433,145606,0.07076759167774775
3355,145,117172,234414,0.18011219954289476
3356,145,234414,117172,0.18011219954289476
3357,145,0,309719,0.0663085046885202
3358,146,1254,1254,0.08326801515109332
3359,146,-2,1254,0.0919909610426482
3360,146,11209,0,0.11083790387522913
3361,146,19410,0,0.07495518571627904
3362,146,19410,1253,0.09669325864306101
3363,146,1253,1253,0.17786009143361858
3364,146,1253,11209,0.10857283840295849
3365,146,0,11209,0.11083790387522913
3366,146,19410,11209,0.13728875114518133
3367,146,-2,17993,0.11859861016688795
3368,146,0,17993,0.09379062238348175
3369,146,162547,17993,0.22687199711528874
3370,146,-2,19633,0.20249901399350625
3371,146,234414,19633,0.35754727683006104
3372,146,309719,19633,0.24103135869018574
3373,146,-1,19410,0.11318484008351289
3374,146,19410,19410,0.14672091309148624
3375,146,145606,162547,0.6240114190505959
3376,146,117172,145606,0.30395980195682637
3377,146,369433,145606,0.07009808799539564
3378,146,117172,234414,0.18981668368106158
3379,146,234414,117172,0.18981668368106158
3380,146,0,309719,0.06798690784483585
3381,147,1254,1254,0.08047655136649876
3382,147,-2,1254,0.09093324077770219
3383,147,11209,0,0.11324955110793397
3384,147,19410,0,0.07458463181331666
3385,147,19410,1253,0.09818910526508078
3386,147,1253,1253,0.17243192715104505
3387,147,1253,11209,0.10787695694625651
3388,147,0,11209,0.11324955110793397
3389,147,19410,11209,0.13945829382704616
3390,147,-2,17993,0.11992468908435383
3391,147,0,17993,0.09589094302339149
3392,147,162547,17993,0.2302945230524723
3393,147,-2,19633,0.20376021912586914
3394,147,234414,19633,0.36124434322051735
3395,147,309719,19633,0.24193675932441563
3396,147,-1,19410,0.11465548006804754
3397,147,19410,19410,0.14797514733149242
3398,147,145606,162547,0.6240422653663172
3399,147,117172,145606,0.3045201439387041
3400,147,369433,145606,0.0698581992130366
3401,147,117172,234414,0.19183656767997762
3402,147,234414,117172,0.19183656767997762
3403,147,0,309719,0.06855944003630894
3404,148,1254,1254,0.07899321504938026
3405,148,-2,1254,0.08885500425994529
3406,148,11209,0,0.10838251280808377
3407,148,19410,0,0.0711789811638882
3408,148,19410,1253,0.09519605133584459
3409,148,1253,1253,0.18033020396612148
3410,148,1253,11209,0.11028218059220876
3411,148,0,11209,0.10838251280808377
3412,148,19410,11209,0.13228733309402543
3413,148,-2,17993,0.12012053007143797
3414,148,0,17993,0.09552668263862642
3415,148,162547,17993,0.22107205377325362
3416,148,-2,19633,0.20132518104817076
3417,148,234414,19633,0.35882435418534464
3418,148,309719,19633,0.24007409156397594
3419,148,-1,19410,0.11083070909822584
3420,148,19410,19410,0.14279714455768427
3421,148,145606,162547,0.6240163207529119
3422,148,117172,145606,0.3041109162965858
3423,148,369433,145606,0.07002892682268427
3424,148,117172,234414,0.1905817522036216
3425,148,234414,117172,0.1905817522036216
3426,148,0,309719,0.06580142801528686
3427,149,1254,1254,0.07871046452626347
3428,149,-2,1254,0.09182374953196215
3429,149,11209,0,0.11728521676447629
3430,149,19410,0,0.07752168399836087
3431,149,19410,1253,0.10065794839735911
3432,149,1253,1253,0.16553059921633792
3433,149,1253,11209,0.1067101312043838
3434,149,0,11209,0.11728521676447629
3435,149,19410,11209,0.14463343599029202
3436,149,-2,17993,0.12450400066682858
3437,149,0,17993,0.10063070422032303
3438,149,162547,17993,0.23967675191815563
3439,149,-2,19633,0.20636492431764583
3440,149,234414,19633,0.36741423918142513
3441,149,309719,19633,0.24449474700639756
3442,149,-1,19410,0.11823209695228025
3443,149,19410,19410,0.1524538763557151
3444,149,145606,162547,0.6240856259580756
3445,149,117172,145606,0.3053910210181059
3446,149,369433,145606,0.06961413884172254
3447,149,117172,234414,0.19515908064633788
3448,149,234414,117172,0.19515908064633788
3449,149,0,309719,0.06975300024518823
3450,150,1254,1254,0.10083027030557212
3451,150,-2,1254,0.10139566120242892
3452,150,11209,0,0.1080981629606391
3453,150,19410,0,0.07603883822183416
3454,150,19410,1253,0.09781076015258242
3455,150,1253,1253,0.16169573963275
3456,150,1253,11209,0.0978719925197488
3457,150,0,11209,0.1080981629606391
3458,150,19410,11209,0.138787962317493
3459,150,-2,17993,0.11866245131155959
3460,150,0,17993,0.09093863701169563
3461,150,162547,17993,0.2375252281897557
3462,150,-2,19633,0.2057217919225233
3463,150,234414,19633,0.34326082845581973
3464,150,309719,19633,0.2394826806538664
3465,150,-1,19410,0.11940183037369416
3466,150,19410,19410,0.15492723787178195
3467,150,145606,162547,0.623958360320328
3468,150,117172,145606,0.30254060864931126
3469,150,369433,145606,0.0703839861493998
3470,150,117172,234414,0.18165728573071624
3471,150,234414,117172,0.18165728573071624
3472,150,0,309719,0.0680550667444064
3473,151,1254,1254,0.10168515197255888
3474,151,-2,1254,0.11047953100129328
3475,151,11209,0,0.14871147089880765
3476,151,19410,0,0.09526408092774151
3477,151,19410,1253,0.13530324011608377
3478,151,1253,1253,0.2260632539858923
3479,151,1253,11209,0.16655038036507466
3480,151,0,11209,0.14871147089880765
3481,151,19410,11209,0.15820400635640075
3482,151,-2,17993,0.14318241256286335
3483,151,0,17993,0.11050156813490725
3484,151,162547,17993,0.26914248702858307
3485,151,-2,19633,0.214531661769843
3486,151,234414,19633,0.3811709205312079
3487,151,309719,19633,0.2556366189999158
3488,151,-1,19410,0.12465235559065087
3489,151,19410,19410,0.16253739016643695
3490,151,145606,162547,0.6240888001629646
3491,151,117172,145606,0.3061333709127703
3492,151,369433,145606,0.069698856872809
3493,151,117172,234414,0.20303879383009188
3494,151,234414,117172,0.20303879383009188
3495,151,0,309719,0.09073162839130235
3496,152,1254,1254,0.13017459674824594
3497,152,-2,1254,0.118536853767759
3498,152,11209,0,0.12839647190042847
3499,152,19410,0,0.08578423350942785
3500,152,19410,1253,0.12463001816809961
3501,152,1253,1253,0.2307506565095734
3502,152,1253,11209,0.1539580472043748
3503,152,0,11209,0.12839647190042847
3504,152,19410,11209,0.13576830699513004
3505,152,-2,17993,0.14854827219971115
3506,152,0,17993,0.11090124695278201
3507,152,162547,17993,0.28825635864099425
3508,152,-2,19633,0.21586965681641115
3509,152,234414,19633,0.3444001577616647
3510,152,309719,19633,0.25030989412145427
3511,152,-1,19410,0.12463278605143292
3512,152,19410,19410,0.16241935971632074
3513,152,145606,162547,0.6239663586261709
3514,152,117172,145606,0.3033156941855324
3515,152,369433,145606,0.07037507278859104
3516,152,117172,234414,0.18236262868111225
3517,152,234414,117172,0.18236262868111225
3518,152,0,309719,0.0825573694563739
3519,153,1254,1254,0.1305998804202403
3520,153,-2,1254,0.11092897954527883
3521,153,11209,0,0.14072463506590935
3522,153,19410,0,0.08143966278718152
3523,153,19410,1253,0.12148060890750793
3524,153,1253,1253,0.25662510324483695
3525,153,1253,11209,0.16605074040919995
3526,153,0,11209,0.14072463506590935
3527,153,19410,11209,0.1290381775634576
3528,153,-2,17993,0.15720148444727763
3529,153,0,17993,0.11943210265040966
3530,153,162547,17993,0.2979641368303366
3531,153,-2,19633,0.21339233220417322
3532,153,234414,19633,0.34039010718228024
3533,153,309719,19633,0.2506283508607377
3534,153,-1,19410,0.11981064105585656
3535,153,19410,19410,0.15831000310712404
3536,153,145606,162547,0.6239002543700177
3537,153,117172,145606,0.3009941105015241
3538,153,369433,145606,0.0709842495369827
3539,153,117172,234414,0.17908095691051804
3540,153,234414,117172,0.17908095691051804
3541,153,0,309719,0.087408714836695
3542,154,1254,1254,0.1284015727976435
3543,154,-2,1254,0.10417731653166232
3544,154,11209,0,0.1499814369701229
3545,154,19410,0,0.07660052433712977
3546,154,19410,1253,0.11613719354513728
3547,154,1253,1253,0.2803008900124291
3548,154,1253,11209,0.17713028793838362
3549,154,0,11209,0.1499814369701229
3550,154,19410,11209,0.11993285052541813
3551,154,-2,17993,0.16335899878502483
3552,154,0,17993,0.12489054400427328
3553,154,162547,17993,0.30318958041818544
3554,154,-2,19633,0.21188076894615457
3555,154,234414,19633,0.3415732258496256
3556,154,309719,19633,0.2515183920727173
3557,154,-1,19410,0.11524147288290121
3558,154,19410,19410,0.1516752017515286
3559,154,145606,162547,0.6239053332457377
3560,154,117172,145606,0.3011186024114701
3561,154,369433,145606,0.07096974593074801
3562,154,117172,234414,0.17968531157033021
3563,154,234414,117172,0.17968531157033021
3564,154,0,309719,0.09085735072997074
3565,155,1254,1254,0.1330162158776059
3566,155,-2,1254,0.10559901201495805
3567,155,11209,0,0.16000808102700936
3568,155,19410,0,0.08028464880989868
3569,155,19410,1253,0.12397363814135977
3570,155,1253,1253,0.29845281164293225
3571,155,1253,11209,0.19166951844582833
3572,155,0,11209,0.16000808102700936
3573,155,19410,11209,0.12373215697611387
3574,155,-2,17993,0.17226855069614763
3575,155,0,17993,0.1301541369259491
3576,155,162547,17993,0.28571465450763445
3577,155,-2,19633,0.2176054565058346
3578,155,234414,19633,0.3353975659260135
3579,155,309719,19633,0.24828835106366418
3580,155,-1,19410,0.1231398820568912
3581,155,19410,19410,0.16260554239772573
3582,155,145606,162547,0.6238279293250654
3583,155,117172,145606,0.3000600629842921
3584,155,369433,145606,0.07137790178334147
3585,155,117172,234414,0.1762021594651183
3586,155,234414,117172,0.1762021594651183
3587,155,0,309719,0.09531925155407014
3588,156,1254,1254,0.12503846598107185
3589,156,-2,1254,0.10828485560575012
3590,156,11209,0,0.13810032691182517
3591,156,19410,0,0.07406311447637708
3592,156,19410,1253,0.12072182781110295
3593,156,1253,1253,0.29325635249172033
3594,156,1253,11209,0.17660081788776058
3595,156,0,11209,0.13810032691182517
3596,156,19410,11209,0.12381220606685994
3597,156,-2,17993,0.17247400031023064
3598,156,0,17993,0.11862175378874538
3599,156,162547,17993,0.2877492658118322
3600,156,-2,19633,0.22279897894542092
3601,156,234414,19633,0.3460566602418992
3602,156,309719,19633,0.24869292612859095
3603,156,-1,19410,0.12822803078637218
3604,156,19410,19410,0.16907026189115187
3605,156,145606,162547,0.6239087516661599
3606,156,117172,145606,0.30162248303662087
3607,156,369433,145606,0.07084575476496172
3608,156,117172,234414,0.1818497620316795
3609,156,234414,117172,0.1818497620316795
3610,156,0,309719,0.08615236534352375
3611,157,1254,1254,0.1316539163824029
3612,157,-2,1254,0.11432087122611957
3613,157,11209,0,0.1250089311675251
3614,157,19410,0,0.07422597677989876
3615,157,19410,1253,0.12032410353065652
3616,157,1253,1253,0.289542484863518
3617,157,1253,11209,0.16593668076717386
3618,157,0,11209,0.1250089311675251
3619,157,19410,11209,0.12302816808724695
3620,157,-2,17993,0.17244389639518187
3621,157,0,17993,0.11340270341453859
3622,157,162547,17993,0.2875540251617744
3623,157,-2,19633,0.22592526262988646
3624,157,234414,19633,0.3340349981992328
3625,157,309719,19633,0.2460794220011983
3626,157,-1,19410,0.13315237036847044
3627,157,19410,19410,0.17674926762042578
3628,157,145606,162547,0.6238398587609172
3629,157,117172,145606,0.3000619268679602
3630,157,369433,145606,0.07126253089752801
3631,157,117172,234414,0.17468665301147174
3632,157,234414,117172,0.17468665301147174
3633,157,0,309719,0.08191629226313538
3634,158,1254,1254,0.1309186470306169
3635,158,-2,1254,0.11437609822369865
3636,158,11209,0,0.11558700941572904
3637,158,19410,0,0.0716127080925858
3638,158,19410,1253,0.11483422680811667
3639,158,1253,1253,0.28818601308559616
3640,158,1253,11209,0.15301972472420278
3641,158,0,11209,0.11558700941572904
3642,158,19410,11209,0.12011575515847915
3643,158,-2,17993,0.1719799012093017
3644,158,0,17993,0.11251876556599123
3645,158,162547,17993,0.3039703263175906
3646,158,-2,19633,0.2241498198449805
3647,158,234414,19633,0.32208289311276456
3648,158,309719,19633,0.2483188221515654
3649,158,-1,19410,0.1309503048143777
3650,158,19410,19410,0.1741267080075464
3651,158,145606,162547,0.6238128321099973
3652,158,117172,145606,0.29984016683206793
3653,158,369433,145606,0.07153290710346416
3654,158,117172,234414,0.16813294030174228
3655,158,234414,117172,0.16813294030174228
3656,158,0,309719,0.0798531469224782
3657,159,1254,1254,0.13042811314820277
3658,159,-2,1254,0.10851748467567092
3659,159,11209,0,0.12958605086589575
3660,159,19410,0,0.07093875397458531
3661,159,19410,1253,0.11366715328302944
3662,159,1253,1253,0.30247459839509305
3663,159,1253,11209,0.16412902791371597
3664,159,0,11209,0.12958605086589575
3665,159,19410,11209,0.11668461269222634
3666,159,-2,17993,0.17443470688631668
3667,159,0,17993,0.12020164374256061
3668,159,162547,17993,0.30881624214313363
3669,159,-2,19633,0.21903052019473832
3670,159,234414,19633,0.32818123154314405
3671,159,309719,19633,0.2491649332403292
3672,159,-1,19410,0.12340878375503407
3673,159,19410,19410,0.1645379438213306
3674,159,145606,162547,0.6238293749914585
3675,159,117172,145606,0.29927166139057676
3676,159,369433,145606,0.0715110855594483
3677,159,117172,234414,0.17108560252127122
3678,159,234414,117172,0.17108560252127122
3679,159,0,309719,0.08492807830896999
3680,160,1254,1254,0.12827861832837412
3681,160,-2,1254,0.10430617688347926
3682,160,11209,0,0.14156458094526758
3683,160,19410,0,0.07321040562790361
3684,160,19410,1253,0.11673641613037825
3685,160,1253,1253,0.3171147566183968
3686,160,1253,11209,0.17517779894278113
3687,160,0,11209,0.14156458094526758
3688,160,19410,11209,0.11754495125648759
3689,160,-2,17993,0.18011736754358865
3690,160,0,17993,0.12717156060589088
3691,160,162547,17993,0.3063900378940437
3692,160,-2,19633,0.21914345163761204
3693,160,234414,19633,0.32688469736330983
3694,160,309719,19633,0.2516502228398089
3695,160,-1,19410,0.12362941642514119
3696,160,19410,19410,0.16415071388441713
3697,160,145606,162547,0.6237977162374384
3698,160,117172,145606,0.2996214322308704
3699,160,369433,145606,0.07168472086549159
3700,160,117172,234414,0.17093555644359182
3701,160,234414,117172,0.17093555644359182
3702,160,0,309719,0.09074436516540484
3703,161,1254,1254,0.12544991321372656
3704,161,-2,1254,0.10158019917081103
3705,161,11209,0,0.14538793238648487
3706,161,19410,0,0.06940609751419867
3707,161,19410,1253,0.11192901853524213
3708,161,1253,1253,0.325052546097256
3709,161,1253,11209,0.17866271097227782
3710,161,0,11209,0.14538793238648487
3711,161,19410,11209,0.11057290929114338
3712,161,-2,17993,0.18044910474754067
3713,161,0,17993,0.12944837372629536
3714,161,162547,17993,0.31111726356667857
3715,161,-2,19633,0.21603054140051206
3716,161,234414,19633,0.3383993645658133
3717,161,309719,19633,0.25142240229167484
3718,161,-1,19410,0.11719666858986302
3719,161,19410,19410,0.1545636514189211
3720,161,145606,162547,0.6239016670856249
3721,161,117172,145606,0.3007529213141014
3722,161,369433,145606,0.07101182283332728
3723,161,117172,234414,0.17716937624816892
3724,161,234414,117172,0.17716937624816892
3725,161,0,309719,0.09086929140093923
3726,162,1254,1254,0.12748097081144452
3727,162,-2,1254,0.09901981030628405
3728,162,11209,0,0.15246280152947822
3729,162,19410,0,0.06904074626123924
3730,162,19410,1253,0.10991503765582755
3731,162,1253,1253,0.33422111655062453
3732,162,1253,11209,0.18455100025747265
3733,162,0,11209,0.15246280152947822
3734,162,19410,11209,0.10793402658219796
3735,162,-2,17993,0.18049871247759572
3736,162,0,17993,0.13200686447832424
3737,162,162547,17993,0.31264342641587783
3738,162,-2,19633,0.2135275143650322
3739,162,234414,19633,0.33696338085100297
3740,162,309719,19633,0.2514259562904047
3741,162,-1,19410,0.11371922537915506
3742,162,19410,19410,0.1496290129433937
3743,162,145606,162547,0.6238826332626487
3744,162,117172,145606,0.3004630972014629
3745,162,369433,145606,0.07115105564578177
3746,162,117172,234414,0.17649998152553542
3747,162,234414,117172,0.17649998152553542
3748,162,0,309719,0.09270623518776101
3749,163,1254,1254,0.127178062526171
3750,163,-2,1254,0.09642884832122506
3751,163,11209,0,0.15812028789749374
3752,163,19410,0,0.06844710898017001
3753,163,19410,1253,0.10838012493163846
3754,163,1253,1253,0.342730231801304
3755,163,1253,11209,0.18989945338576958
3756,163,0,11209,0.15812028789749374
3757,163,19410,11209,0.10585013216017083
3758,163,-2,17993,0.1805026138305651
3759,163,0,17993,0.1337119193605246
3760,163,162547,17993,0.3132490096364436
3761,163,-2,19633,0.21194258792578494
3762,163,234414,19633,0.33827338331666584
3763,163,309719,19633,0.25179505757615644
3764,163,-1,19410,0.11121595960775035
3765,163,19410,19410,0.14591599409740735
3766,163,145606,162547,0.6238891269148502
3767,163,117172,145606,0.3006357765895437
3768,163,369433,145606,0.07110939001292328
3769,163,117172,234414,0.17737959646135606
3770,163,234414,117172,0.17737959646135606
3771,163,0,309719,0.09415399307404765
3772,164,1254,1254,0.13207000669086347
3773,164,-2,1254,0.09955359466129782
3774,164,11209,0,0.16641767009377909
3775,164,19410,0,0.0743382314655144
3776,164,19410,1253,0.11834495465532072
3777,164,1253,1253,0.3493904217794229
3778,164,1253,11209,0.20166389293066073
3779,164,0,11209,0.16641767009377909
3780,164,19410,11209,0.11346863603434255
3781,164,-2,17993,0.18623244917178744
3782,164,0,17993,0.13700564684993097
3783,164,162547,17993,0.29307090558203475
3784,164,-2,19633,0.21764508591231804
3785,164,234414,19633,0.332859327003149
3786,164,309719,19633,0.248506785050647
3787,164,-1,19410,0.1202101054868522
3788,164,19410,19410,0.15845733498937117
3789,164,145606,162547,0.6238137885082253
3790,164,117172,145606,0.2996779930920774
3791,164,369433,145606,0.07149738667394252
3792,164,117172,234414,0.17443944869010714
3793,164,234414,117172,0.17443944869010714
3794,164,0,309719,0.09779621400916043
3795,165,1254,1254,0.12428168645062382
3796,165,-2,1254,0.10381518140119819
3797,165,11209,0,0.14279558586016955
3798,165,19410,0,0.06965477746880522
3799,165,19410,1253,0.11657412584651632
3800,165,1253,1253,0.3347447167152581
3801,165,1253,11209,0.1839513941949029
3802,165,0,11209,0.14279558586016955
3803,165,19410,11209,0.11628929634630546
3804,165,-2,17993,0.18328052782133603
3805,165,0,17993,0.12363490896130144
3806,165,162547,17993,0.2931655579384653
3807,165,-2,19633,0.22283149042663347
3808,165,234414,19633,0.3442991659175175
3809,165,309719,19633,0.24887055928197924
3810,165,-1,19410,0.12606961311880793
3811,165,19410,19410,0.16601019716828616
3812,165,145606,162547,0.6238990202989515
3813,165,117172,145606,0.30135604678787237
3814,165,369433,145606,0.07092929091327041
3815,165,117172,234414,0.1806169873346058
3816,165,234414,117172,0.1806169873346058
3817,165,0,309719,0.08795283845130554
3818,166,1254,1254,0.13111069815936682
3819,166,-2,1254,0.11104158974445265
3820,166,11209,0,0.12844836962867498
3821,166,19410,0,0.07098300463130464
3822,166,19410,1253,0.11727144912664295
3823,166,1253,1253,0.32332656042567515
3824,166,1253,11209,0.17133283461210982
3825,166,0,11209,0.12844836962867498
3826,166,19410,11209,0.11749073068749824
3827,166,-2,17993,0.18080371803491757
3828,166,0,17993,0.1170817879360613
3829,166,162547,17993,0.2915354417431954
3830,166,-2,19633,0.22594904164940224
3831,166,234414,19633,0.3327371015232759
3832,166,309719,19633,0.24620788083778433
3833,166,-1,19410,0.13156439116433524
3834,166,19410,19410,0.17449578527638288
3835,166,145606,162547,0.623832722423424
3836,166,117172,145606,0.2998659828651327
3837,166,369433,145606,0.07132343918570655
3838,166,117172,234414,0.17377735101390393
3839,166,234414,117172,0.17377735101390393
3840,166,0,309719,0.08323466869371722
3841,167,1254,1254,0.13268419552527982
3842,167,-2,1254,0.11483045330536674
3843,167,11209,0,0.12032840180738656
3844,167,19410,0,0.07212639741786515
3845,167,19410,1253,0.11829587789968467
3846,167,1253,1253,0.3157045362641466
3847,167,1253,11209,0.16353577531488286
3848,167,0,11209,0.12032840180738656
3849,167,19410,11209,0.12060928852049999
3850,167,-2,17993,0.17929821359202985
3851,167,0,17993,0.1133025321318341
3852,167,162547,17993,0.2903996082504824
3853,167,-2,19633,0.22830455422263424
3854,167,234414,19633,0.32648377432236186
3855,167,309719,19633,0.24491209116820067
3856,167,-1,19410,0.13576212626497508
3857,167,19410,19410,0.1812401321368966
3858,167,145606,162547,0.6237898572309684
3859,167,117172,145606,0.2989630131318032
3860,167,369433,145606,0.07163388557639395
3861,167,117172,234414,0.1699659108623823
3862,167,234414,117172,0.1699659108623823
3863,167,0,309719,0.08067101603725045
3864,168,1254,1254,0.13282845760517603
3865,168,-2,1254,0.1174386096254122
3866,168,11209,0,0.11370499189435174
3867,168,19410,0,0.07247324899345259
3868,168,19410,1253,0.11874219630278574
3869,168,1253,1253,0.30915628502214076
3870,168,1253,11209,0.15751617977488352
3871,168,0,11209,0.11370499189435174
3872,168,19410,11209,0.12282883296312308
3873,168,-2,17993,0.17808911358139612
3874,168,0,17993,0.11006035522525744
3875,168,162547,17993,0.28977477058199563
3876,168,-2,19633,0.23010604680517505
3877,168,234414,19633,0.32360841992386796
3878,168,309719,19633,0.24420701534573555
3879,168,-1,19410,0.1386923886032062
3880,168,19410,19410,0.1857779530747874
3881,168,145606,162547,0.6237715875719198
3882,168,117172,145606,0.2985622665935608
3883,168,369433,145606,0.07176630927981821
3884,168,117172,234414,0.16813180437404024
3885,168,234414,117172,0.16813180437404024
3886,168,0,309719,0.07841614663152241
3887,169,1254,1254,0.13606127604097865
3888,169,-2,1254,0.11553738479809726
3889,169,11209,0,0.10686295175925095
3890,169,19410,0,0.0667943317902383
3891,169,19410,1253,0.10792005970428278
3892,169,1253,1253,0.30369794828283814
3893,169,1253,11209,0.14673146756491642
3894,169,0,11209,0.10686295175925095
3895,169,19410,11209,0.11386042425915907
3896,169,-2,17993,0.17190630124299175
3897,169,0,17993,0.10883671658775389
3898,169,162547,17993,0.30884277440458807
3899,169,-2,19633,0.22296108174662418
3900,169,234414,19633,0.31679561942556983
3901,169,309719,19633,0.2455619859691033
3902,169,-1,19410,0.1282433715241734
3903,169,19410,19410,0.17108484604976693
3904,169,145606,162547,0.6238183188978019
3905,169,117172,145606,0.29830879533208005
3906,169,369433,145606,0.0715710696334627
3907,169,117172,234414,0.164359410650358
3908,169,234414,117172,0.164359410650358
3909,169,0,309719,0.07614257329325368
3910,170,1254,1254,0.13479678722150623
3911,170,-2,1254,0.10779877488264776
3912,170,11209,0,0.1262397324511555
3913,170,19410,0,0.06853145884631132
3914,170,19410,1253,0.10891173058412974
3915,170,1253,1253,0.3181949822660059
3916,170,1253,11209,0.16286804621256284
3917,170,0,11209,0.1262397324511555
3918,170,19410,11209,0.11234902578167796
3919,170,-2,17993,0.17428728385220968
3920,170,0,17993,0.11793019334801298
3921,170,162547,17993,0.31076804343964204
3922,170,-2,19633,0.21799330748714066
3923,170,234414,19633,0.32071609974976256
3924,170,309719,19633,0.24787185173896578
3925,170,-1,19410,0.12183739649503075
3926,170,19410,19410,0.16272294084969183
3927,170,145606,162547,0.6237735792545489
3928,170,117172,145606,0.29817082782310755
3929,170,369433,145606,0.07191225793872563
3930,170,117172,234414,0.1668222973270754
3931,170,234414,117172,0.1668222973270754
3932,170,0,309719,0.08376275931912987
3933,171,1254,1254,0.13062194356057236
3934,171,-2,1254,0.10348536613924723
3935,171,11209,0,0.13907004697615788
3936,171,19410,0,0.0712399906882055
3937,171,19410,1253,0.11315076887925617
3938,171,1253,1253,0.3302435731906608
3939,171,1253,11209,0.17452517103687495
3940,171,0,11209,0.13907004697615788
3941,171,19410,11209,0.11412759399360987
3942,171,-2,17993,0.17997489804551056
3943,171,0,17993,0.12539749479680865
3944,171,162547,17993,0.3075678035650572
3945,171,-2,19633,0.21846693668350803
3946,171,234414,19633,0.3229841242112007
3947,171,309719,19633,0.25088792840719104
3948,171,-1,19410,0.1223729961310466
3949,171,19410,19410,0.16247253548447008
3950,171,145606,162547,0.6237733265961009
3951,171,117172,145606,0.29908024108994047
3952,171,369433,145606,0.07186062051528205
3953,171,117172,234414,0.16872829498435743
3954,171,234414,117172,0.16872829498435743
3955,171,0,309719,0.08993535842640688
3956,172,1254,1254,0.13046273552638674
3957,172,-2,1254,0.10585887051456798
3958,172,11209,0,0.1469967581542765
3959,172,19410,0,0.07455516478564705
3960,172,19410,1253,0.12087116275749027
3961,172,1253,1253,0.3355707473807232
3962,172,1253,11209,0.1853868316355751
3963,172,0,11209,0.1469967581542765
3964,172,19410,11209,0.11824749312848246
3965,172,-2,17993,0.1860859586534103
3966,172,0,17993,0.12921722150215634
3967,172,162547,17993,0.29122490149499186
3968,172,-2,19633,0.22291293210219848
3969,172,234414,19633,0.33171941119276044
3970,172,309719,19633,0.24778754784501852
3971,172,-1,19410,0.1279654892875141
3972,172,19410,19410,0.16969740870897215
3973,172,145606,162547,0.6238083607680094
3974,172,117172,145606,0.2995133192833783
3975,172,369433,145606,0.07153963778475196
3976,172,117172,234414,0.17336332876449387
3977,172,234414,117172,0.17336332876449387
3978,172,0,309719,0.09238512962552041
3979,173,1254,1254,0.13136518036772965
3980,173,-2,1254,0.10709387719286823
3981,173,11209,0,0.12558787249193287
3982,173,19410,0,0.06503114163824475
3983,173,19410,1253,0.10754795785563948
3984,173,1253,1253,0.32339317702753356
3985,173,1253,11209,0.16443395208271605
3986,173,0,11209,0.12558787249193287
3987,173,19410,11209,0.10830659221403158
3988,173,-2,17993,0.1772666746438164
3989,173,0,17993,0.11887740678666472
3990,173,162547,17993,0.3107027062665681
3991,173,-2,19633,0.2185388275054664
3992,173,234414,19633,0.33158763600191293
3993,173,309719,19633,0.24874945827581846
3994,173,-1,19410,0.1198918216257698
3995,173,19410,19410,0.15787037842268997
3996,173,145606,162547,0.6239218089123973
3997,173,117172,145606,0.3004840126308382
3998,173,369433,145606,0.07085328719028441
3999,173,117172,234414,0.17332832545550172
4000,173,234414,117172,0.17332832545550172
4001,173,0,309719,0.08324642121230373
4002,174,1254,1254,0.1332283068676549
4003,174,-2,1254,0.10278882546414779
4004,174,11209,0,0.13941544517394977
4005,174,19410,0,0.06769700131735297
4006,174,19410,1253,0.10877373501826944
4007,174,1253,1253,0.33299092012949116
4008,174,1253,11209,0.17461343718763184
4009,174,0,11209,0.13941544517394977
4010,174,19410,11209,0.10888412721048298
4011,174,-2,17993,0.17828678332418044
4012,174,0,17993,0.12507375973854173
4013,174,162547,17993,0.31255859894942506
4014,174,-2,19633,0.21497987882023822
4015,174,234414,19633,0.3283306673074765
4016,174,309719,19633,0.24957537120371073
4017,174,-1,19410,0.11646860724185538
4018,174,19410,19410,0.15437628584812044
4019,174,145606,162547,0.6238241599213686
4020,174,117172,145606,0.2992319969708516
4021,174,369433,145606,0.07155729885946528
4022,174,117172,234414,0.17149469526765493
4023,174,234414,117172,0.17149469526765493
4024,174,0,309719,0.08819629676587575
4025,175,1254,1254,0.1300173602072985
4026,175,-2,1254,0.09842290048205961
4027,175,11209,0,0.1489983992314073
4028,175,19410,0,0.06739983599466212
4029,175,19410,1253,0.1076296571555283
4030,175,1253,1253,0.3425811447500919
4031,175,1253,11209,0.18348941558461332
4032,175,0,11209,0.1489983992314073
4033,175,19410,11209,0.10644713307429055
4034,175,-2,17993,0.1788542814113398
4035,175,0,17993,0.12880570580991385
4036,175,162547,17993,0.3128376493790995
4037,175,-2,19633,0.21294702121440617
4038,175,234414,19633,0.33392109859946356
4039,175,309719,19633,0.25085546301528916
4040,175,-1,19410,0.11297669686192817
4041,175,19410,19410,0.14895323244293376
4042,175,145606,162547,0.6238588019487303
4043,175,117172,145606,0.30001290310759116
4044,175,369433,145606,0.07132118595747289
4045,175,117172,234414,0.17485844250096433
4046,175,234414,117172,0.17485844250096433
4047,175,0,309719,0.09137776708374008
4048,176,1254,1254,0.1283330184857302
4049,176,-2,1254,0.09732966809366105
4050,176,11209,0,0.1551875727207144
4051,176,19410,0,0.07055689523926757
4052,176,19410,1253,0.11217595864701242
4053,176,1253,1253,0.349130788904457
4054,176,1253,11209,0.18865193733272462
4055,176,0,11209,0.1551875727207144
4056,176,19410,11209,0.10994499829714757
4057,176,-2,17993,0.18354564041947563
4058,176,0,17993,0.13343990740944892
4059,176,162547,17993,0.30948432382751057
4060,176,-2,19633,0.2149079281072395
4061,176,234414,19633,0.33086780443903874
4062,176,309719,19633,0.25264903519585385
4063,176,-1,19410,0.11621231918826558
4064,176,19410,19410,0.15289992885077872
4065,176,145606,162547,0.6238256937098007
4066,176,117172,145606,0.30021285734965475
4067,176,369433,145606,0.07149324208748958
4068,176,117172,234414,0.1735777819102565
4069,176,234414,117172,0.1735777819102565
4070,176,0,309719,0.09496071545250087
4071,177,1254,1254,0.12876597665700587
4072,177,-2,1254,0.1010400711354156
4073,177,11209,0,0.15970496518581423
4074,177,19410,0,0.07416620372261357
4075,177,19410,1253,0.12031566321981012
4076,177,1253,1253,0.3510951212993222
4077,177,1253,11209,0.1965000891272175
4078,177,0,11209,0.15970496518581423
4079,177,19410,11209,0.11538162947588884
4080,177,-2,17993,0.1889958905027508
4081,177,0,17993,0.1355308099728837
4082,177,162547,17993,0.2925748995509614
4083,177,-2,19633,0.22028396827978597
4084,177,234414,19633,0.33724908949985966
4085,177,309719,19633,0.24909211174678395
4086,177,-1,19410,0.1234912070108596
4087,177,19410,19410,0.1628187374582593
4088,177,145606,162547,0.6238435560956361
4089,177,117172,145606,0.3002776098427407
4090,177,369433,145606,0.07129530728160718
4091,177,117172,234414,0.17676054709057154
4092,177,234414,117172,0.17676054709057154
4093,177,0,309719,0.09619256635253637
4094,178,1254,1254,0.12439838502947176
4095,178,-2,1254,0.1059484313219968
4096,178,11209,0,0.13826480062265364
4097,178,19410,0,0.07084807888710609
4098,178,19410,1253,0.1183631192186711
4099,178,1253,1253,0.33605608022909345
4100,178,1253,11209,0.179935222966987
4101,178,0,11209,0.13826480062265364
4102,178,19410,11209,0.11671314220487389
4103,178,-2,17993,0.18534647159863554
4104,178,0,17993,0.12330732831437716
4105,178,162547,17993,0.29246961559596407
4106,178,-2,19633,0.22464001605812758
4107,178,234414,19633,0.34334591422101346
4108,178,309719,19633,0.24862175667665348
4109,178,-1,19410,0.12865881465712814
4110,178,19410,19410,0.16961420830458493
4111,178,145606,162547,0.6238951222340601
4112,178,117172,145606,0.3012449872774317
4113,178,369433,145606,0.07094003205625178
4114,178,117172,234414,0.17990570986973756
4115,178,234414,117172,0.17990570986973756
4116,178,0,309719,0.087428991409486
4117,179,1254,1254,0.1340560369518146
4118,179,-2,1254,0.10918659152579185
4119,179,11209,0,0.12290046532986776
4120,179,19410,0,0.06612075375208583
4121,179,19410,1253,0.1076453209571367
4122,179,1253,1253,0.324729868808545
4123,179,1253,11209,0.1615727295534033
4124,179,0,11209,0.12290046532986776
4125,179,19410,11209,0.10841798893504863
4126,179,-2,17993,0.1767100964452594
4127,179,0,17993,0.1173250040879583
4128,179,162547,17993,0.3102621272561429
4129,179,-2,19633,0.2192099662129723
4130,179,234414,19633,0.32630406955912983
4131,179,309719,19633,0.24771127989639155
4132,179,-1,19410,0.12171079465548838
4133,179,19410,19410,0.1604737950419564
4134,179,145606,162547,0.6238818005050745
4135,179,117172,145606,0.2996561070111187
4136,179,369433,145606,0.07112568242387159
4137,179,117172,234414,0.170193625696275
4138,179,234414,117172,0.170193625696275
4139,179,0,309719,0.0818348850863359
4140,180,1254,1254,0.1393678844735754
4141,180,-2,1254,0.1090814176426703
4142,180,11209,0,0.14135256915617625
4143,180,19410,0,0.07432335577641075
4144,180,19410,1253,0.1201020849323339
4145,180,1253,1253,0.3357045334269703
4146,180,1253,11209,0.18137438702038036
4147,180,0,11209,0.14135256915617625
4148,180,19410,11209,0.1180987923055821
4149,180,-2,17993,0.18324518961280462
4150,180,0,17993,0.12503837968238105
4151,180,162547,17993,0.29062896635536895
4152,180,-2,19633,0.22272860266046862
4153,180,234414,19633,0.31881025228289706
4154,180,309719,19633,0.24545216306131706
4155,180,-1,19410,0.1288986022269692
4156,180,19410,19410,0.17215842942974263
4157,180,145606,162547,0.62372257729985
4158,180,117172,145606,0.29771956491064727
4159,180,369433,145606,0.07212316629504488
4160,180,117172,234414,0.16603891570882454
4161,180,234414,117172,0.16603891570882454
4162,180,0,309719,0.08977947090463165
4163,181,1254,1254,0.127696640921666
4164,181,-2,1254,0.10805667062738107
4165,181,11209,0,0.12131197778287295
4166,181,19410,0,0.06590408282518559
4167,181,19410,1253,0.11211271427108212
4168,181,1253,1253,0.32386694185905707
4169,181,1253,11209,0.16227639629142848
4170,181,0,11209,0.12131197778287295
4171,181,19410,11209,0.11546293517229364
4172,181,-2,17993,0.1797452440520399
4173,181,0,17993,0.11630691459027695
4174,181,162547,17993,0.30761821618943497
4175,181,-2,19633,0.22256566831273544
4176,181,234414,19633,0.3299722619539306
4177,181,309719,19633,0.24998293687041803
4178,181,-1,19410,0.126344272604372
4179,181,19410,19410,0.16737607042602606
4180,181,145606,162547,0.6238657914305029
4181,181,117172,145606,0.3009456550336184
4182,181,369433,145606,0.07120101168168155
4183,181,117172,234414,0.17277258497129358
4184,181,234414,117172,0.17277258497129358
4185,181,0,309719,0.08172767175007198
4186,182,1254,1254,0.12557029959883115
4187,182,-2,1254,0.10129306538938998
4188,182,11209,0,0.13246069763389198
4189,182,19410,0,0.06739119894904701
4190,182,19410,1253,0.11177318691207465
4191,182,1253,1253,0.32972732899050705
4192,182,1253,11209,0.169205297595672
4193,182,0,11209,0.13246069763389198
4194,182,19410,11209,0.11363669061881206
4195,182,-2,17993,0.18008697951386252
4196,182,0,17993,0.12263420650927788
4197,182,162547,17993,0.31152791716361505
4198,182,-2,19633,0.21785283777943937
4199,182,234414,19633,0.32953471342543444
4200,182,309719,19633,0.24960407408360416
4201,182,-1,19410,0.12047603890968957
4202,182,19410,19410,0.160258569575553
4203,182,145606,162547,0.6238425612575218
4204,182,117172,145606,0.29948014908404663
4205,182,369433,145606,0.07141732714503014
4206,182,117172,234414,0.17198199233911673
4207,182,234414,117172,0.17198199233911673
4208,182,0,309719,0.08554661382320557
4209,183,1254,1254,0.1304457055269418
4210,183,-2,1254,0.10278053553921106
4211,183,11209,0,0.14744974899208585
4212,183,19410,0,0.07381887463596415
4213,183,19410,1253,0.12133660155036655
4214,183,1253,1253,0.3396682370058724
4215,183,1253,11209,0.18671523129668477
4216,183,0,11209,0.14744974899208585
4217,183,19410,11209,0.11979423902864608
4218,183,-2,17993,0.18587631942100832
4219,183,0,17993,0.12856502149930146
4220,183,162547,17993,0.2913785104476766
4221,183,-2,19633,0.22196243682413358
4222,183,234414,19633,0.32607806158358815
4223,183,309719,19633,0.24708294013936682
4224,183,-1,19410,0.12719675138841696
4225,183,19410,19410,0.16952726815237684
4226,183,145606,162547,0.6237677192952575
4227,183,117172,145606,0.2987026218705438
4228,183,369433,145606,0.0718152545394245
4229,183,117172,234414,0.17024768806289114
4230,183,234414,117172,0.17024768806289114
4231,183,0,309719,0.09189709598134435
4232,184,1254,1254,0.1287455187935237
4233,184,-2,1254,0.10395489735009193
4234,184,11209,0,0.1252910134651151
4235,184,19410,0,0.06290839055178722
4236,184,19410,1253,0.10739383780852808
4237,184,1253,1253,0.32676327478074013
4238,184,1253,11209,0.16558152279523164
4239,184,0,11209,0.1252910134651151
4240,184,19410,11209,0.11018674912006679
4241,184,-2,17993,0.17720551307405177
4242,184,0,17993,0.11756926732050611
4243,184,162547,17993,0.3112356136284455
4244,184,-2,19633,0.218059998081649
4245,184,234414,19633,0.33262456012360375
4246,184,309719,19633,0.2490268213398225
4247,184,-1,19410,0.11904655139767184
4248,184,19410,19410,0.15722738111181564
4249,184,145606,162547,0.6239273178705741
4250,184,117172,145606,0.3006193957441554
4251,184,369433,145606,0.0708149282369815
4252,184,117172,234414,0.17404527526904026
4253,184,234414,117172,0.17404527526904026
4254,184,0,309719,0.08214844591317486
4255,185,1254,1254,0.1377147313352778
4256,185,-2,1254,0.1064881459165816
4257,185,11209,0,0.1418456856240783
4258,185,19410,0,0.0721867434342876
4259,185,19410,1253,0.11973228073558223
4260,185,1253,1253,0.3352726176511166
4261,185,1253,11209,0.18220796903249972
4262,185,0,11209,0.1418456856240783
4263,185,19410,11209,0.11917284888149321
4264,185,-2,17993,0.18378014597330428
4265,185,0,17993,0.12530992680878264
4266,185,162547,17993,0.2925168871555903
4267,185,-2,19633,0.22181079321217728
4268,185,234414,19633,0.32123717533698926
4269,185,309719,19633,0.2458226097448275
4270,185,-1,19410,0.12699124993487312
4271,185,19410,19410,0.16997679823752682
4272,185,145606,162547,0.6237390819509281
4273,185,117172,145606,0.29806861417760866
4274,185,369433,145606,0.07199409491550443
4275,185,117172,234414,0.16759286571647988
4276,185,234414,117172,0.16759286571647988
4277,185,0,309719,0.08933916340871888
4278,186,1254,1254,0.12655091867447535
4279,186,-2,1254,0.10621973349863213
4280,186,11209,0,0.12245175225602462
4281,186,19410,0,0.06486408163753939
4282,186,19410,1253,0.11213010347200754
4283,186,1253,1253,0.323917823198849
4284,186,1253,11209,0.163213436711826
4285,186,0,11209,0.12245175225602462
4286,186,19410,11209,0.11656871890971672
4287,186,-2,17993,0.18020013964982134
4288,186,0,17993,0.11701783212508146
4289,186,162547,17993,0.30883745052896416
4290,186,-2,19633,0.22188843300730887
4291,186,234414,19633,0.33059657833378525
4292,186,309719,19633,0.2502151304178758
4293,186,-1,19410,0.12514979104209623
4294,186,19410,19410,0.1661624680001461
4295,186,145606,162547,0.623868219173966
4296,186,117172,145606,0.30101123240043315
4297,186,369433,145606,0.07118092600713309
4298,186,117172,234414,0.17321574437708034
4299,186,234414,117172,0.17321574437708034
4300,186,0,309719,0.08184180908960448
4301,187,1254,1254,0.12454943881613618
4302,187,-2,1254,0.0999739138871475
4303,187,11209,0,0.1333299807071502
4304,187,19410,0,0.06664270213094699
4305,187,19410,1253,0.11174216757762864
4306,187,1253,1253,0.3298688113915014
4307,187,1253,11209,0.16997515733369162
4308,187,0,11209,0.1333299807071502
4309,187,19410,11209,0.11429188306513643
4310,187,-2,17993,0.18042534953716358
4311,187,0,17993,0.12313147540330371
4312,187,162547,17993,0.31233112085178466
4313,187,-2,19633,0.21741887978534644
4314,187,234414,19633,0.33034340148254165
4315,187,309719,19633,0.24980187416146676
4316,187,-1,19410,0.11965118607916157
4317,187,19410,19410,0.1593783923606342
4318,187,145606,162547,0.623847045696315
4319,187,117172,145606,0.2995858941808034
4320,187,369433,145606,0.07138516323175922
4321,187,117172,234414,0.172496686245061
4322,187,234414,117172,0.172496686245061
4323,187,0,309719,0.0856422557822526
4324,188,1254,1254,0.12481732660956038
4325,188,-2,1254,0.09671810104533915
4326,188,11209,0,0.14463431231248963
4327,188,19410,0,0.06705311452920992
4328,188,19410,1253,0.10993267147214565
4329,188,1253,1253,0.33973527882681614
4330,188,1253,11209,0.17984360334694802
4331,188,0,11209,0.14463431231248963
4332,188,19410,11209,0.11052144807888648
4333,188,-2,17993,0.18044808730652012
4334,188,0,17993,0.12755305939401346
4335,188,162547,17993,0.31282814778472745
4336,188,-2,19633,0.21451127964047234
4337,188,234414,19633,0.33384547085473076
4338,188,309719,19633,0.2508719100842435
4339,188,-1,19410,0.11529390581307235
4340,188,19410,19410,0.15276443934987838
4341,188,145606,162547,0.6238573325545631
4342,188,117172,145606,0.2999842597856772
4343,188,369433,145606,0.07132741951298305
4344,188,117172,234414,0.1746878384341417
4345,188,234414,117172,0.1746878384341417
4346,188,0,309719,0.08970306359339318
4347,189,1254,1254,0.1300658166417642
4348,189,-2,1254,0.0997141414780488
4349,189,11209,0,0.15599160319770317
4350,189,19410,0,0.07326365737025396
4351,189,19410,1253,0.11943999848151303
4352,189,1253,1253,0.3470210106799933
4353,189,1253,11209,0.19394472016454625
4354,189,0,11209,0.15599160319770317
4355,189,19410,11209,0.11684571511543676
4356,189,-2,17993,0.186182183025072
4357,189,0,17993,0.13222189277929508
4358,189,162547,17993,0.29272153900697995
4359,189,-2,19633,0.21954229765576688
4360,189,234414,19633,0.32984849136241456
4361,189,309719,19633,0.24785785696970744
4362,189,-1,19410,0.12318247355566148
4363,189,19410,19410,0.16341780276927326
4364,189,145606,162547,0.6237931524332981
4365,189,117172,145606,0.29924225977139474
4366,189,369433,145606,0.07163834154995895
4367,189,117172,234414,0.1726041575393323
4368,189,234414,117172,0.1726041575393323
4369,189,0,309719,0.094530444775566
4370,190,1254,1254,0.12282991891449668
4371,190,-2,1254,0.10225426647632814
4372,190,11209,0,0.13143651758262223
4373,190,19410,0,0.0659805594263939
4374,190,19410,1253,0.11173387532976344
4375,190,1253,1253,0.3327907285084537
4376,190,1253,11209,0.17063282495826215
4377,190,0,11209,0.13143651758262223
4378,190,19410,11209,0.11371852815548318
4379,190,-2,17993,0.18180791203763763
4380,190,0,17993,0.12160578628360866
4381,190,162547,17993,0.3089013843122652
4382,190,-2,19633,0.22027366244896093
4383,190,234414,19633,0.33542209595599615
4384,190,309719,19633,0.2511980394782178
4385,190,-1,19410,0.12241432832241578
4386,190,19410,19410,0.16132747131388403
4387,190,145606,162547,0.6239018265384898
4388,190,117172,145606,0.3017221298850484
4389,190,369433,145606,0.07094463961847157
4390,190,117172,234414,0.1760516068578425
4391,190,234414,117172,0.1760516068578425
4392,190,0,309719,0.08533851645875341
4393,191,1254,1254,0.1221975258407421
4394,191,-2,1254,0.09730981047729916
4395,191,11209,0,0.14011805872341537
4396,191,19410,0,0.06751797707886374
4397,191,19410,1253,0.11162201933074381
4398,191,1253,1253,0.33715991990502203
4399,191,1253,11209,0.1755261065760435
4400,191,0,11209,0.14011805872341537
4401,191,19410,11209,0.11261871513167787
4402,191,-2,17993,0.1816121994031421
4403,191,0,17993,0.1263905724793099
4404,191,162547,17993,0.3123530966742943
4405,191,-2,19633,0.21632862927112206
4406,191,234414,19633,0.3331811373119056
4407,191,309719,19633,0.2504586556731611
4408,191,-1,19410,0.11791041365994452
4409,191,19410,19410,0.15635945237808474
4410,191,145606,162547,0.6238654572111582
4411,191,117172,145606,0.29998167584492735
4412,191,369433,145606,0.07125936772497934
4413,191,117172,234414,0.17417530218273453
4414,191,234414,117172,0.17417530218273453
4415,191,0,309719,0.0880346566366548
4416,192,1254,1254,0.12777821805074152
4417,192,-2,1254,0.09967873876965348
4418,192,11209,0,0.15337447688461953
4419,192,19410,0,0.07389342669071572
4420,192,19410,1253,0.12120752224320654
4421,192,1253,1253,0.3457438599544939
4422,192,1253,11209,0.19162505256449683
4423,192,0,11209,0.15337447688461953
4424,192,19410,11209,0.11902401839474488
4425,192,-2,17993,0.1871163762819091
4426,192,0,17993,0.13146388095582856
4427,192,162547,17993,0.29197112743254416
4428,192,-2,19633,0.22084516874045437
4429,192,234414,19633,0.3288413418887512
4430,192,309719,19633,0.24772078559098237
4431,192,-1,19410,0.12530147399053285
4432,192,19410,19410,0.166633440484477
4433,192,145606,162547,0.623785518863345
4434,192,117172,145606,0.29908661360784095
4435,192,369433,145606,0.07169235379753805
4436,192,117172,234414,0.17190870423644533
4437,192,234414,117172,0.17190870423644533
4438,192,0,309719,0.09372633846014547
4439,193,1254,1254,0.126991441614974
4440,193,-2,1254,0.10190385568366503
4441,193,11209,0,0.12941659852139906
4442,193,19410,0,0.06295849051033624
4443,193,19410,1253,0.10730517994283671
4444,193,1253,1253,0.3317038861813678
4445,193,1253,11209,0.16900172006009143
4446,193,0,11209,0.12941659852139906
4447,193,19410,11209,0.10966393185380562
4448,193,-2,17993,0.17806984041198531
4449,193,0,17993,0.11948782922214543
4450,193,162547,17993,0.3116282467734224
4451,193,-2,19633,0.21731858262296488
4452,193,234414,19633,0.33445014459990374
4453,193,309719,19633,0.24944635610084656
4454,193,-1,19410,0.1177878267387308
4455,193,19410,19410,0.15530375854731604
4456,193,145606,162547,0.6239391350257225
4457,193,117172,145606,0.3008738827707841
4458,193,369433,145606,0.07073317177797149
4459,193,117172,234414,0.17514338311507235
4460,193,234414,117172,0.17514338311507235
4461,193,0,309719,0.08335884408501781
4462,194,1254,1254,0.13018018017366456
4463,194,-2,1254,0.10078682751208434
4464,194,11209,0,0.14189658116838896
4465,194,19410,0,0.0694627855866347
4466,194,19410,1253,0.11407157231420474
4467,194,1253,1253,0.33929693262378746
4468,194,1253,11209,0.17748244786701523
4469,194,0,11209,0.14189658116838896
4470,194,19410,11209,0.11518633325267988
4471,194,-2,17993,0.1831617587112118
4472,194,0,17993,0.12728570293465846
4473,194,162547,17993,0.30947075446544986
4474,194,-2,19633,0.21763933586886422
4475,194,234414,19633,0.3239794264725316
4476,194,309719,19633,0.2511531054389583
4477,194,-1,19410,0.12074582724587028
4478,194,19410,19410,0.1606191316222594
4479,194,145606,162547,0.6237803804078119
4480,194,117172,145606,0.29925145410270776
4481,194,369433,145606,0.07179528891697631
4482,194,117172,234414,0.16949716557890934
4483,194,234414,117172,0.16949716557890934
4484,194,0,309719,0.08974631939537693
4485,195,1254,1254,0.1252727011464643
4486,195,-2,1254,0.09821429933571776
4487,195,11209,0,0.14673582022829798
4488,195,19410,0,0.0669740900034154
4489,195,19410,1253,0.11047467350265458
4490,195,1253,1253,0.34421414052781546
4491,195,1253,11209,0.18151483557415676
4492,195,0,11209,0.14673582022829798
4493,195,19410,11209,0.1094322259175448
4494,195,-2,17993,0.18272875321662055
4495,195,0,17993,0.12974168878777995
4496,195,162547,17993,0.3129244895910959
4497,195,-2,19633,0.21506517211238804
4498,195,234414,19633,0.3378449208334985
4499,195,309719,19633,0.25147726595029024
4500,195,-1,19410,0.1153464610199407
4501,195,19410,19410,0.15244487755863634
4502,195,145606,162547,0.6238934888214459
4503,195,117172,145606,0.30062950434413477
4504,195,369433,145606,0.07107050883701542
4505,195,117172,234414,0.17698284353823196
4506,195,234414,117172,0.17698284353823196
4507,195,0,309719,0.09067677180778537
4508,196,1254,1254,0.1261989185611596
4509,196,-2,1254,0.0977391368320352
4510,196,11209,0,0.15332616687521503
4511,196,19410,0,0.07059626014941443
4512,196,19410,1253,0.11442470861027969
4513,196,1253,1253,0.3497809899029922
4514,196,1253,11209,0.1865709898606043
4515,196,0,11209,0.15332616687521503
4516,196,19410,11209,0.11243290343513467
4517,196,-2,17993,0.18658624231391507
4518,196,0,17993,0.13422904920885118
4519,196,162547,17993,0.30988464370133223
4520,196,-2,19633,0.21632254750822072
4521,196,234414,19633,0.33172923179087255
4522,196,309719,19633,0.25282707349731726
4523,196,-1,19410,0.11805455750189453
4524,196,19410,19410,0.15581996953431318
4525,196,145606,162547,0.6238313457392749
4526,196,117172,145606,0.3003387202501289
4527,196,369433,145606,0.0714485657317521
4528,196,117172,234414,0.17396726001799578
4529,196,234414,117172,0.17396726001799578
4530,196,0,309719,0.09435267831549675
4531,197,1254,1254,0.1218147808708273
4532,197,-2,1254,0.09769774565956758
4533,197,11209,0,0.15437066303470817
4534,197,19410,0,0.07118967417360442
4535,197,19410,1253,0.11631783705974454
4536,197,1253,1253,0.35186385749641325
4537,197,1253,11209,0.18729312557291108
4538,197,0,11209,0.15437066303470817
4539,197,19410,11209,0.11297279386297213
4540,197,-2,17993,0.1897859418314878
4541,197,0,17993,0.13655523655342774
4542,197,162547,17993,0.30937709021954035
4543,197,-2,19633,0.21766806542170078
4544,197,234414,19633,0.33739447791393856
4545,197,309719,19633,0.25375285266488284
4546,197,-1,19410,0.11934722076963211
4547,197,19410,19410,0.157075218271289
4548,197,145606,162547,0.6238733986006664
4549,197,117172,145606,0.3012302212848859
4550,197,369433,145606,0.07115481560892235
4551,197,117172,234414,0.17711577239900406
4552,197,234414,117172,0.17711577239900406
4553,197,0,309719,0.0952284555089597
4554,198,1254,1254,0.12296402322693821
4555,198,-2,1254,0.09772346636858113
4556,198,11209,0,0.15465357733949825
4557,198,19410,0,0.06860414538474455
4558,198,19410,1253,0.11208557757173154
4559,198,1253,1253,0.3526838994575314
4560,198,1253,11209,0.18704722450408848
4561,198,0,11209,0.15465357733949825
4562,198,19410,11209,0.10819973626611562
4563,198,-2,17993,0.1875063212748123
4564,198,0,17993,0.13605862049595582
4565,198,162547,17993,0.3131076327343387
4566,198,-2,19633,0.21495444125196464
4567,198,234414,19633,0.3426531983024685
4568,198,309719,19633,0.2524813226736223
4569,198,-1,19410,0.11461925091202597
4570,198,19410,19410,0.15044669339101652
4571,198,145606,162547,0.6239302808354575
4572,198,117172,145606,0.3013387591980357
4573,198,369433,145606,0.07081383928544963
4574,198,117172,234414,0.1796529573640884
4575,198,234414,117172,0.1796529573640884
4576,198,0,309719,0.0937510936145173
4577,199,1254,1254,0.13007542012789824
4578,199,-2,1254,0.10096804951625526
4579,199,11209,0,0.1637536778501393
4580,199,19410,0,0.0748573862922561
4581,199,19410,1253,0.1214755483537262
4582,199,1253,1253,0.3570546775628255
4583,199,1253,11209,0.19909573404375086
4584,199,0,11209,0.1637536778501393
4585,199,19410,11209,0.11569309502064079
4586,199,-2,17993,0.1919833430975004
4587,199,0,17993,0.13897334409634757
4588,199,162547,17993,0.29323504692762425
4589,199,-2,19633,0.21978827955725747
4590,199,234414,19633,0.3342357589015188
4591,199,309719,19633,0.2488099459127841
4592,199,-1,19410,0.12292375561902559
4593,199,19410,19410,0.16241599011098087
4594,199,145606,162547,0.6238221935135219
4595,199,117172,145606,0.2998521092798176
4596,199,369433,145606,0.07143391408454698
4597,199,117172,234414,0.1750260416019043
4598,199,234414,117172,0.1750260416019043
4599,199,0,309719,0.09749722693309708
4600,200,1254,1254,0.12272989493721419
4601,200,-2,1254,0.08879434664678773
4602,200,11209,0,0.135273149531273
4603,200,19410,0,0.0711665963956145
4604,200,19410,1253,0.12444050300160223
4605,200,1253,1253,0.34116406839581964
4606,200,1253,11209,0.18783584000584552
4607,200,0,11209,0.135273149531273
4608,200,19410,11209,0.12070745833007311
4609,200,-2,17993,0.16727673682338307
4610,200,0,17993,0.11701832148127361
4611,200,162547,17993,0.2880039884315425
4612,200,-2,19633,0.1997324830909376
4613,200,234414,19633,0.3362523725270739
4614,200,309719,19633,0.2462472125563446
4615,200,-1,19410,0.13361338335144138
4616,200,19410,19410,0.1771924456845647
4617,200,145606,162547,0.623948184899018
4618,200,117172,145606,0.3013218759619174
4619,200,369433,145606,0.07053947747971294
4620,200,117172,234414,0.17730083097497873
4621,200,234414,117172,0.17730083097497873
4622,200,0,309719,0.08367568530201615
4623,201,1254,1254,0.19294782668494714
4624,201,-2,1254,0.11613840650959473
4625,201,11209,0,0.11082670965927245
4626,201,19410,0,0.07173164361782922
4627,201,19410,1253,0.10456113062156305
4628,201,1253,1253,0.2872975271870854
4629,201,1253,11209,0.15355203529501635
4630,201,0,11209,0.11082670965927245
4631,201,19410,11209,0.10032592565904488
4632,201,-2,17993,0.16063191995525697
4633,201,0,17993,0.10811566820551896
4634,201,162547,17993,0.3083489000766205
4635,201,-2,19633,0.20074326563194672
4636,201,234414,19633,0.2775479205946981
4637,201,309719,19633,0.23484133534651597
4638,201,-1,19410,0.13254033438695187
4639,201,19410,19410,0.17689231117487267
4640,201,145606,162547,0.6236171919059031
4641,201,117172,145606,0.2940864178470783
4642,201,369433,145606,0.07252343039849318
4643,201,117172,234414,0.14557367486511114
4644,201,234414,117172,0.14557367486511114
4645,201,0,309719,0.07622060615016876
4646,202,1254,1254,0.1845363649547031
4647,202,-2,1254,0.1198097197509233
4648,202,11209,0,0.10589721624170555
4649,202,19410,0,0.07325034843272764
4650,202,19410,1253,0.10604948021822022
4651,202,1253,1253,0.243512752713453
4652,202,1253,11209,0.1334366061577054
4653,202,0,11209,0.10589721624170555
4654,202,19410,11209,0.11358247936457082
4655,202,-2,17993,0.14827005706784524
4656,202,0,17993,0.10324946657230004
4657,202,162547,17993,0.3009916942193412
4658,202,-2,19633,0.20268603606543895
4659,202,234414,19633,0.2728768814250808
4660,202,309719,19633,0.23446672497390653
4661,202,-1,19410,0.13158525079788913
4662,202,19410,19410,0.1775809031235301
4663,202,145606,162547,0.6235521656327871
4664,202,117172,145606,0.29297294458923545
4665,202,369433,145606,0.07324579003163013
4666,202,117172,234414,0.1422351953270673
4667,202,234414,117172,0.1422351953270673
4668,202,0,309719,0.07438663948632034
4669,203,1254,1254,0.1749074429286836
4670,203,-2,1254,0.12062211716796525
4671,203,11209,0,0.10351002537122701
4672,203,19410,0,0.07367570545294624
4673,203,19410,1253,0.10614597689441997
4674,203,1253,1253,0.21078799051985547
4675,203,1253,11209,0.11853656116695456
4676,203,0,11209,0.10351002537122701
4677,203,19410,11209,0.12205676761693561
4678,203,-2,17993,0.141011131345715
4679,203,0,17993,0.10202727331497519
4680,203,162547,17993,0.29853994740737444
4681,203,-2,19633,0.20433224081754833
4682,203,234414,19633,0.276890402725823
4683,203,309719,19633,0.23525572561982547
4684,203,-1,19410,0.1297828223007564
4685,203,19410,19410,0.1750341429909708
4686,203,145606,162547,0.6235793777726173
4687,203,117172,145606,0.2935740929697148
4688,203,369433,145606,0.07311563610023912
4689,203,117172,234414,0.14404460167621427
4690,203,234414,117172,0.14404460167621427
4691,203,0,309719,0.07381298897006736
4692,204,1254,1254,0.17513301882707702
4693,204,-2,1254,0.12211633394021779
4694,204,11209,0,0.09447428874639914
4695,204,19410,0,0.07029796520368227
4696,204,19410,1253,0.10061130653471423
4697,204,1253,1253,0.18098460669271801
4698,204,1253,11209,0.10411165621934065
4699,204,0,11209,0.09447428874639914
4700,204,19410,11209,0.11922725395107349
4701,204,-2,17993,0.1298287648424179
4702,204,0,17993,0.09474474184671905
4703,204,162547,17993,0.28869757120694595
4704,204,-2,19633,0.20187190155240714
4705,204,234414,19633,0.27089820400834
4706,204,309719,19633,0.2327256440886982
4707,204,-1,19410,0.12293334327961991
4708,204,19410,19410,0.16509369456629153
4709,204,145606,162547,0.6235444329170277
4710,204,117172,145606,0.29282442918618684
4711,204,369433,145606,0.07331070377439351
4712,204,117172,234414,0.1407301531030468
4713,204,234414,117172,0.1407301531030468
4714,204,0,309719,0.07138670667741892
4715,205,1254,1254,0.1604283904230565
4716,205,-2,1254,0.11671208505541453
4717,205,11209,0,0.09616983258161846
4718,205,19410,0,0.07085319644623773
4719,205,19410,1253,0.0978879860325246
4720,205,1253,1253,0.16200386641952016
4721,205,1253,11209,0.09509544616390492
4722,205,0,11209,0.09616983258161846
4723,205,19410,11209,0.12001247482105125
4724,205,-2,17993,0.12510829439843515
4725,205,0,17993,0.09586239318191689
4726,205,162547,17993,0.2846665056321943
4727,205,-2,19633,0.20072039019321397
4728,205,234414,19633,0.2815599085784634
4729,205,309719,19633,0.23418847832172476
4730,205,-1,19410,0.11745921139642161
4731,205,19410,19410,0.15706612966622352
4732,205,145606,162547,0.6236072374409544
4733,205,117172,145606,0.29427800823278855
4734,205,369433,145606,0.07293692145344864
4735,205,117172,234414,0.146616446575716
4736,205,234414,117172,0.146616446575716
4737,205,0,309719,0.07330921667773735
4738,206,1254,1254,0.16038023128011258
4739,206,-2,1254,0.12140531519895884
4740,206,11209,0,0.0985014787278572
4741,206,19410,0,0.073757616700413
4742,206,19410,1253,0.1031949905278188
4743,206,1253,1253,0.1548217784333364
4744,206,1253,11209,0.0955332381005291
4745,206,0,11209,0.0985014787278572
4746,206,19410,11209,0.1301254120167994
4747,206,-2,17993,0.12878430820555264
4748,206,0,17993,0.0985694941565421
4749,206,162547,17993,0.2932315321238279
4750,206,-2,19633,0.20626604304531293
4751,206,234414,19633,0.2833411301944209
4752,206,309719,19633,0.23593797830913002
4753,206,-1,19410,0.12493103051554656
4754,206,19410,19410,0.1676933251970202
4755,206,145606,162547,0.6235814187909794
4756,206,117172,145606,0.29451345917262806
4757,206,369433,145606,0.07301102507588063
4758,206,117172,234414,0.14718139138742756
4759,206,234414,117172,0.14718139138742756
4760,206,0,309719,0.07310759936203819
4761,207,1254,1254,0.18077087461745778
4762,207,-2,1254,0.12726411820223765
4763,207,11209,0,0.0836325305169495
4764,207,19410,0,0.06884423383659133
4765,207,19410,1253,0.09623172757161684
4766,207,1253,1253,0.138659754642031
4767,207,1253,11209,0.0869347337011559
4768,207,0,11209,0.0836325305169495
4769,207,19410,11209,0.11790729244519123
4770,207,-2,17993,0.1208781567050736
4771,207,0,17993,0.08739675482578035
4772,207,162547,17993,0.2849948560718743
4773,207,-2,19633,0.20268619694472362
4774,207,234414,19633,0.2621922823442645
4775,207,309719,19633,0.23045246893474008
4776,207,-1,19410,0.12063681063663233
4777,207,19410,19410,0.16182824431248571
4778,207,145606,162547,0.6235000366046304
4779,207,117172,145606,0.29180199519701133
4780,207,369433,145606,0.07362618140662987
4781,207,117172,234414,0.13589983115971732
4782,207,234414,117172,0.13589983115971732
4783,207,0,309719,0.06843358362183596
4784,208,1254,1254,0.16135549301771523
4785,208,-2,1254,0.12232983594273615
4786,208,11209,0,0.1007707513283885
4787,208,19410,0,0.07835779095223594
4788,208,19410,1253,0.10492137616336814
4789,208,1253,1253,0.14173128921092779
4790,208,1253,11209,0.0914654993476851
4791,208,0,11209,0.1007707513283885
4792,208,19410,11209,0.13343531051614518
4793,208,-2,17993,0.12827638654432869
4794,208,0,17993,0.09776188447155365
4795,208,162547,17993,0.29469602649902843
4796,208,-2,19633,0.20800452112543144
4797,208,234414,19633,0.28038969175309747
4798,208,309719,19633,0.23612237400993316
4799,208,-1,19410,0.12731880066939244
4800,208,19410,19410,0.17160461122905507
4801,208,145606,162547,0.6235374686643892
4802,208,117172,145606,0.2937938409389179
4803,208,369433,145606,0.07340463025026354
4804,208,117172,234414,0.14544155914680243
4805,208,234414,117172,0.14544155914680243
4806,208,0,309719,0.07432418543070998
4807,209,1254,1254,0.18380602136902247
4808,209,-2,1254,0.12845198494268534
4809,209,11209,0,0.08350476788969843
4810,209,19410,0,0.07100328489599099
4811,209,19410,1253,0.0959243568314851
4812,209,1253,1253,0.12721575400483043
4813,209,1253,11209,0.0827177408930014
4814,209,0,11209,0.08350476788969843
4815,209,19410,11209,0.11772881205447615
4816,209,-2,17993,0.12107721270220119
4817,209,0,17993,0.0866223115662675
4818,209,162547,17993,0.28794367463056275
4819,209,-2,19633,0.20387393790240244
4820,209,234414,19633,0.2606784685262583
4821,209,309719,19633,0.2303641250927196
4822,209,-1,19410,0.12178536447749706
4823,209,19410,19410,0.16317260453291002
4824,209,145606,162547,0.6234919592659458
4825,209,117172,145606,0.29162608560748965
4826,209,369433,145606,0.07368415250041846
4827,209,117172,234414,0.13510779779955717
4828,209,234414,117172,0.13510779779955717
4829,209,0,309719,0.06882557059469456
4830,210,1254,1254,0.16754213742548424
4831,210,-2,1254,0.1254276599227544
4832,210,11209,0,0.09736967384331402
4833,210,19410,0,0.07831027107255834
4834,210,19410,1253,0.10412897309631794
4835,210,1253,1253,0.13157987910315685
4836,210,1253,11209,0.08798555353733
4837,210,0,11209,0.09736967384331402
4838,210,19410,11209,0.13253257803189133
4839,210,-2,17993,0.12759341103477168
4840,210,0,17993,0.09585815624377275
4841,210,162547,17993,0.29631992030349363
4842,210,-2,19633,0.20876637385361005
4843,210,234414,19633,0.2753024431267554
4844,210,309719,19633,0.23515262179991475
4845,210,-1,19410,0.12832773381567
4846,210,19410,19410,0.172987821748967
4847,210,145606,162547,0.6235098546465312
4848,210,117172,145606,0.2931700903855481
4849,210,369433,145606,0.07358067352888581
4850,210,117172,234414,0.1426235240213017
4851,210,234414,117172,0.1426235240213017
4852,210,0,309719,0.07316746419963308
4853,211,1254,1254,0.18919978121611286
4854,211,-2,1254,0.13554010583545642
4855,211,11209,0,0.08873097331308226
4856,211,19410,0,0.07702848568289214
4857,211,19410,1253,0.10337844397307877
4858,211,1253,1253,0.12441069945924875
4859,211,1253,11209,0.08610437444263026
4860,211,0,11209,0.08873097331308226
4861,211,19410,11209,0.12999057422859955
4862,211,-2,17993,0.12932369991361656
4863,211,0,17993,0.09094560149635891
4864,211,162547,17993,0.30314540859278
4865,211,-2,19633,0.21167072712084867
4866,211,234414,19633,0.2622609615076598
4867,211,309719,19633,0.23252495855943808
4868,211,-1,19410,0.13366627696642408
4869,211,19410,19410,0.18107397161539351
4870,211,145606,162547,0.6234940644238174
4871,211,117172,145606,0.2920120074781038
4872,211,369433,145606,0.07358566230581177
4873,211,117172,234414,0.13556593040059572
4874,211,234414,117172,0.13556593040059572
4875,211,0,309719,0.06942024784303993
4876,212,1254,1254,0.20094384938971196
4877,212,-2,1254,0.1394051273384454
4878,212,11209,0,0.08132958847281968
4879,212,19410,0,0.0751732135885811
4880,212,19410,1253,0.10173668487425726
4881,212,1253,1253,0.11842892054730353
4882,212,1253,11209,0.08312739193979017
4883,212,0,11209,0.08132958847281968
4884,212,19410,11209,0.1265423097720176
4885,212,-2,17993,0.12542857607987626
4886,212,0,17993,0.08554647793478916
4887,212,162547,17993,0.2982871581258807
4888,212,-2,19633,0.20983348943770555
4889,212,234414,19633,0.2474841652716011
4890,212,309719,19633,0.22958824002140185
4891,212,-1,19410,0.1328594684128716
4892,212,19410,19410,0.18125661101694235
4893,212,145606,162547,0.6234118769882351
4894,212,117172,145606,0.2899136834998043
4895,212,369433,145606,0.07427416017859323
4896,212,117172,234414,0.1274973661798318
4897,212,234414,117172,0.1274973661798318
4898,212,0,309719,0.06698625443861456
4899,213,1254,1254,0.18416077837159653
4900,213,-2,1254,0.13345008764074448
4901,213,11209,0,0.08730400112570173
4902,213,19410,0,0.07621066751776735
4903,213,19410,1253,0.10408434971292412
4904,213,1253,1253,0.12008233673449932
4905,213,1253,11209,0.08417625589278623
4906,213,0,11209,0.08730400112570173
4907,213,19410,11209,0.13271695822016444
4908,213,-2,17993,0.12518239233210257
4909,213,0,17993,0.09027233284036852
4910,213,162547,17993,0.2960414814657838
4911,213,-2,19633,0.20930677229372113
4912,213,234414,19633,0.2595615912562485
4913,213,309719,19633,0.23217217507635218
4914,213,-1,19410,0.1310297104988181
4915,213,19410,19410,0.17868437112444382
4916,213,145606,162547,0.6234690738304822
4917,213,117172,145606,0.29124457822058514
4918,213,369433,145606,0.07399459616023125
4919,213,117172,234414,0.13387378205476086
4920,213,234414,117172,0.13387378205476086
4921,213,0,309719,0.06926898626441041
4922,214,1254,1254,0.18246712733115253
4923,214,-2,1254,0.13555492208454634
4924,214,11209,0,0.09109438194092702
4925,214,19410,0,0.07810667793943013
4926,214,19410,1253,0.10796841562487143
4927,214,1253,1253,0.12167027933610886
4928,214,1253,11209,0.08710127229224536
4929,214,0,11209,0.09109438194092702
4930,214,19410,11209,0.13993709997046858
4931,214,-2,17993,0.12839731237743288
4932,214,0,17993,0.09322816947405194
4933,214,162547,17993,0.3019278732482248
4934,214,-2,19633,0.21246406431664436
4935,214,234414,19633,0.2633392023252564
4936,214,309719,19633,0.23361028502027367
4937,214,-1,19410,0.13530659571853487
4938,214,19410,19410,0.18460051514675913
4939,214,145606,162547,0.6234573611961608
4940,214,117172,145606,0.29177755245971665
4941,214,369433,145606,0.07388585317118031
4942,214,117172,234414,0.13568474379523782
4943,214,234414,117172,0.13568474379523782
4944,214,0,309719,0.06974823589208838
4945,215,1254,1254,0.1977520441574547
4946,215,-2,1254,0.14237819805639576
4947,215,11209,0,0.0859837791226275
4948,215,19410,0,0.07796457114235851
4949,215,19410,1253,0.10765867293612152
4950,215,1253,1253,0.11809850601428667
4951,215,1253,11209,0.0866568424075251
4952,215,0,11209,0.0859837791226275
4953,215,19410,11209,0.13826050194043293
4954,215,-2,17993,0.12964604163615245
4955,215,0,17993,0.08985708883205717
4956,215,162547,17993,0.30626342021199493
4957,215,-2,19633,0.21435150337749456
4958,215,234414,19633,0.2529462544567192
4959,215,309719,19633,0.23173481505168314
4960,215,-1,19410,0.13919400601039594
4961,215,19410,19410,0.19086835765173366
4962,215,145606,162547,0.6234264585983572
4963,215,117172,145606,0.29064061080074055
4964,215,369433,145606,0.07406368701233071
4965,215,117172,234414,0.13003527556548047
4966,215,234414,117172,0.13003527556548047
4967,215,0,309719,0.0675471983639537
4968,216,1254,1254,0.1993189750303446
4969,216,-2,1254,0.13951521905139316
4970,216,11209,0,0.0784684881437852
4971,216,19410,0,0.07318578540854144
4972,216,19410,1253,0.10148578161812263
4973,216,1253,1253,0.11682240342141444
4974,216,1253,11209,0.0836350727050183
4975,216,0,11209,0.0784684881437852
4976,216,19410,11209,0.12745182356229764
4977,216,-2,17993,0.12080477527652983
4978,216,0,17993,0.08275711748688266
4979,216,162547,17993,0.2909136190324563
4980,216,-2,19633,0.2081009458706569
4981,216,234414,19633,0.2441632886879778
4982,216,309719,19633,0.22845408181236762
4983,216,-1,19410,0.13052995321924316
4984,216,19410,19410,0.17864454478814423
4985,216,145606,162547,0.6233767876454168
4986,216,117172,145606,0.2891843620489223
4987,216,369433,145606,0.07452598473816421
4988,216,117172,234414,0.12552175090426498
4989,216,234414,117172,0.12552175090426498
4990,216,0,309719,0.06575681251447313
4991,217,1254,1254,0.16972446124281365
4992,217,-2,1254,0.12613435906398965
4993,217,11209,0,0.10021583638599872
4994,217,19410,0,0.0796737426939143
4995,217,19410,1253,0.10442001303285395
4996,217,1253,1253,0.12140639128877023
4997,217,1253,11209,0.08507337864598873
4998,217,0,11209,0.10021583638599872
4999,217,19410,11209,0.1340052353316823
5000,217,-2,17993,0.1248335602042055
5001,217,0,17993,0.09288789294785728
5002,217,162547,17993,0.2935407087204234
5003,217,-2,19633,0.208558909681871
5004,217,234414,19633,0.2723797289867962
5005,217,309719,19633,0.234483969919651
5006,217,-1,19410,0.12825879919913816
5007,217,19410,19410,0.1744009656519743
5008,217,145606,162547,0.6235391206884778
5009,217,117172,145606,0.2928437684644234
5010,217,369433,145606,0.07356203585383943
5011,217,117172,234414,0.14109556798754666
5012,217,234414,117172,0.14109556798754666
5013,217,0,309719,0.0731823847513205
5014,218,1254,1254,0.1832762035377493
5015,218,-2,1254,0.1315184132739099
5016,218,11209,0,0.09104076917635037
5017,218,19410,0,0.07631841465078187
5018,218,19410,1253,0.10148023791712832
5019,218,1253,1253,0.11529234328097007
5020,218,1253,11209,0.08129486770178916
5021,218,0,11209,0.09104076917635037
5022,218,19410,11209,0.12917694579594366
5023,218,-2,17993,0.12332936727474411
5024,218,0,17993,0.08887780069748924
5025,218,162547,17993,0.2943261584827853
5026,218,-2,19633,0.2079836441981937
5027,218,234414,19633,0.26237393092603845
5028,218,309719,19633,0.23195391892479372
5029,218,-1,19410,0.12759251796832652
5030,218,19410,19410,0.17255657660616752
5031,218,145606,162547,0.6235090532864367
5032,218,117172,145606,0.29199182195786794
5033,218,369433,145606,0.07362132187345219
5034,218,117172,234414,0.13573456723656516
5035,218,234414,117172,0.13573456723656516
5036,218,0,309719,0.07024725163460149
5037,219,1254,1254,0.1833659703156948
5038,219,-2,1254,0.13475346889562223
5039,219,11209,0,0.09387573093376385
5040,219,19410,0,0.07869339338050514
5041,219,19410,1253,0.10651813439422575
5042,219,1253,1253,0.11799734229335235
5043,219,1253,11209,0.08533226583183487
5044,219,0,11209,0.09387573093376385
5045,219,19410,11209,0.1381081783682162
5046,219,-2,17993,0.1267104699575154
5047,219,0,17993,0.09165013545014612
5048,219,162547,17993,0.300084026488452
5049,219,-2,19633,0.2113606016840587
5050,219,234414,19633,0.2623352895131087
5051,219,309719,19633,0.2330797270823976
5052,219,-1,19410,0.13327616501793402
5053,219,19410,19410,0.1815955916213446
5054,219,145606,162547,0.6234539750117006
5055,219,117172,145606,0.29166812342877807
5056,219,369433,145606,0.07390895886959295
5057,219,117172,234414,0.1352707011231189
5058,219,234414,117172,0.1352707011231189
5059,219,0,309719,0.07034905130130935
5060,220,1254,1254,0.1902348940717836
5061,220,-2,1254,0.13453074948801583
5062,220,11209,0,0.08330522937575591
5063,220,19410,0,0.07313578544613966
5064,220,19410,1253,0.0996931299048108
5065,220,1253,1253,0.11492314218628578
5066,220,1253,11209,0.0816376505038893
5067,220,0,11209,0.08330522937575591
5068,220,19410,11209,0.12595303073418931
5069,220,-2,17993,0.11926560792771922
5070,220,0,17993,0.08426433571175988
5071,220,162547,17993,0.28833485120098296
5072,220,-2,19633,0.20620604783916274
5073,220,234414,19633,0.25205625773482737
5074,220,309719,19633,0.22946238104727584
5075,220,-1,19410,0.1261291449815579
5076,220,19410,19410,0.17119234829655486
5077,220,145606,162547,0.6234309895548342
5078,220,117172,145606,0.29033760149463805
5079,220,369433,145606,0.07414730239390066
5080,220,117172,234414,0.1299795880556888
5081,220,234414,117172,0.1299795880556888
5082,220,0,309719,0.06759675577354217
5083,221,1254,1254,0.1659107966169254
5084,221,-2,1254,0.1224777851168502
5085,221,11209,0,0.09205276772552415
5086,221,19410,0,0.0746136004272445
5087,221,19410,1253,0.09801275855566806
5088,221,1253,1253,0.11706977254933833
5089,221,1253,11209,0.08058558559906395
5090,221,0,11209,0.09205276772552415
5091,221,19410,11209,0.12579237198859053
5092,221,-2,17993,0.11908911576904518
5093,221,0,17993,0.09048532806627752
5094,221,162547,17993,0.28532597685026173
5095,221,-2,19633,0.2037310444855484
5096,221,234414,19633,0.2736878338217772
5097,221,309719,19633,0.23305981109898788
5098,221,-1,19410,0.1194578232972462
5099,221,19410,19410,0.1611211326472889
5100,221,145606,162547,0.6235545838080824
5101,221,117172,145606,0.29318459436892197
5102,221,369433,145606,0.07336559820527189
5103,221,117172,234414,0.14207172132305437
5104,221,234414,117172,0.14207172132305437
5105,221,0,309719,0.07239719912768569
5106,222,1254,1254,0.16661608802331893
5107,222,-2,1254,0.12426997708968211
5108,222,11209,0,0.09006091717561118
5109,222,19410,0,0.07356215820892274
5110,222,19410,1253,0.0985866265603466
5111,222,1253,1253,0.11549796281018028
5112,222,1253,11209,0.0805705104646945
5113,222,0,11209,0.09006091717561118
5114,222,19410,11209,0.12694444845168504
5115,222,-2,17993,0.11999133166645165
5116,222,0,17993,0.09121246776528251
5117,222,162547,17993,0.2874041037908095
5118,222,-2,19633,0.20496262110952593
5119,222,234414,19633,0.2740238482498883
5120,222,309719,19633,0.23339555574079893
5121,222,-1,19410,0.12095141750661043
5122,222,19410,19410,0.1624401429851668
5123,222,145606,162547,0.6235760123618874
5124,222,117172,145606,0.29347909470467554
5125,222,369433,145606,0.07322281201290944
5126,222,117172,234414,0.14217000564126955
5127,222,234414,117172,0.14217000564126955
5128,222,0,309719,0.07155468533630446
5129,223,1254,1254,0.17348257098952213
5130,223,-2,1254,0.12792254012974888
5131,223,11209,0,0.08740784954510317
5132,223,19410,0,0.07336027277350564
5133,223,19410,1253,0.09945312482829365
5134,223,1253,1253,0.11383457929473864
5135,223,1253,11209,0.08021281831460464
5136,223,0,11209,0.08740784954510317
5137,223,19410,11209,0.12815059262860135
5138,223,-2,17993,0.11987256225069742
5139,223,0,17993,0.08970408794548394
5140,223,162547,17993,0.2883829873496494
5141,223,-2,19633,0.20558975602584623
5142,223,234414,19633,0.26761911083893264
5143,223,309719,19633,0.23237298905683318
5144,223,-1,19410,0.12279250918991513
5145,223,19410,19410,0.16528799064482855
5146,223,145606,162547,0.6235384574828952
5147,223,117172,145606,0.29265380420077586
5148,223,369433,145606,0.07345571576409769
5149,223,117172,234414,0.13853106074923513
5150,223,234414,117172,0.13853106074923513
5151,223,0,309719,0.07027708381621563
5152,224,1254,1254,0.16984463849236858
5153,224,-2,1254,0.12546381905579895
5154,224,11209,0,0.0849097674241471
5155,224,19410,0,0.07037881858649885
5156,224,19410,1253,0.09711196208515617
5157,224,1253,1253,0.1149537489333656
5158,224,1253,11209,0.07967769566822896
5159,224,0,11209,0.0849097674241471
5160,224,19410,11209,0.12510247261187427
5161,224,-2,17993,0.1160330036471741
5162,224,0,17993,0.08774817565955836
5163,224,162547,17993,0.2813954547624702
5164,224,-2,19633,0.20279218778338765
5165,224,234414,19633,0.2677029834564535
5166,224,309719,19633,0.2315298063394079
5167,224,-1,19410,0.11838145147269508
5168,224,19410,19410,0.1590869403358781
5169,224,145606,162547,0.6235257008066157
5170,224,117172,145606,0.29246274440022585
5171,224,369433,145606,0.07352480627766561
5172,224,117172,234414,0.13861840145344217
5173,224,234414,117172,0.13861840145344217
5174,224,0,309719,0.06950425747271126
5175,225,1254,1254,0.1569999747030374
5176,225,-2,1254,0.12083912710191294
5177,225,11209,0,0.09349889565581772
5178,225,19410,0,0.07442352561138148
5179,225,19410,1253,0.09993283049625708
5180,225,1253,1253,0.11741095108500071
5181,225,1253,11209,0.08115832740497346
5182,225,0,11209,0.09349889565581772
5183,225,19410,11209,0.13012006986803382
5184,225,-2,17993,0.12000225232888972
5185,225,0,17993,0.09413280045061517
5186,225,162547,17993,0.285912542843645
5187,225,-2,19633,0.20464141561430702
5188,225,234414,19633,0.28104812399692736
5189,225,309719,19633,0.23484520781484958
5190,225,-1,19410,0.11992995554349407
5191,225,19410,19410,0.16078757598368565
5192,225,145606,162547,0.6236085833264637
5193,225,117172,145606,0.29425930169719233
5194,225,369433,145606,0.07304846033525145
5195,225,117172,234414,0.14588667443611644
5196,225,234414,117172,0.14588667443611644
5197,225,0,309719,0.0730226563277053
5198,226,1254,1254,0.1714788086027752
5199,226,-2,1254,0.12697804855788414
5200,226,11209,0,0.08764230578343281
5201,226,19410,0,0.07322395920258078
5202,226,19410,1253,0.09916708480802948
5203,226,1253,1253,0.11348607760706424
5204,226,1253,11209,0.07940478681722614
5205,226,0,11209,0.08764230578343281
5206,226,19410,11209,0.12803779809781618
5207,226,-2,17993,0.11986588360352066
5208,226,0,17993,0.09049069798437587
5209,226,162547,17993,0.2882656096267141
5210,226,-2,19633,0.2052905666804356
5211,226,234414,19633,0.2698762986988466
5212,226,309719,19633,0.23264709973895378
5213,226,-1,19410,0.12191029935927922
5214,226,19410,19410,0.16351067097525765
5215,226,145606,162547,0.6235575099219065
5216,226,117172,145606,0.2930448041583003
5217,226,369433,145606,0.07329805061773519
5218,226,117172,234414,0.13979264791278395
5219,226,234414,117172,0.13979264791278395
5220,226,0,309719,0.07061149577804515
5221,227,1254,1254,0.17329160471259625
5222,227,-2,1254,0.13090174314053732
5223,227,11209,0,0.09172903767401701
5224,227,19410,0,0.07638958027784698
5225,227,19410,1253,0.10496750105103429
5226,227,1253,1253,0.11696915047241371
5227,227,1253,11209,0.0841041054084671
5228,227,0,11209,0.09172903767401701
5229,227,19410,11209,0.1375779068761009
5230,227,-2,17993,0.12432544282357112
5231,227,0,17993,0.09331178036583347
5232,227,162547,17993,0.2956995054101153
5233,227,-2,19633,0.20942746801159273
5234,227,234414,19633,0.2691857429763488
5235,227,309719,19633,0.23386012654203256
5236,227,-1,19410,0.12901144650234156
5237,227,19410,19410,0.1746946404908061
5238,227,145606,162547,0.6234973763172812
5239,227,117172,145606,0.2926335329003567
5240,227,369433,145606,0.07361078682164263
5241,227,117172,234414,0.13898323387425432
5242,227,234414,117172,0.13898323387425432
5243,227,0,309719,0.0707747201515031
5244,228,1254,1254,0.18822560743824096
5245,228,-2,1254,0.13817054249013808
5246,228,11209,0,0.0878857532241089
5247,228,19410,0,0.07718338132331122
5248,228,19410,1253,0.10602822735256524
5249,228,1253,1253,0.11528444644809632
5250,228,1253,11209,0.08509527902112529
5251,228,0,11209,0.0878857532241089
5252,228,19410,11209,0.13771292860332474
5253,228,-2,17993,0.12661551693226555
5254,228,0,17993,0.09072277041183775
5255,228,162547,17993,0.30133306717644265
5256,228,-2,19633,0.21218960151637256
5257,228,234414,19633,0.25919424101843486
5258,228,309719,19633,0.23238173267278944
5259,228,-1,19410,0.13452421210319007
5260,228,19410,19410,0.18347839464697446
5261,228,145606,162547,0.6234632012063126
5262,228,117172,145606,0.29149818826736135
5263,228,369433,145606,0.07381694422718293
5264,228,117172,234414,0.13348319800055974
5265,228,234414,117172,0.13348319800055974
5266,228,0,309719,0.06880222941202432
5267,229,1254,1254,0.19916356177733938
5268,229,-2,1254,0.14354811850522084
5269,229,11209,0,0.08562585034872261
5270,229,19410,0,0.07831744391013729
5271,229,19410,1253,0.10761498185007337
5272,229,1253,1253,0.11453882481574822
5273,229,1253,11209,0.08636600473411671
5274,229,0,11209,0.08562585034872261
5275,229,19410,11209,0.13928366517632548
5276,229,-2,17993,0.12815297176731752
5277,229,0,17993,0.08892519841832269
5278,229,162547,17993,0.30495460256313695
5279,229,-2,19633,0.21413204958271428
5280,229,234414,19633,0.2500210920355304
5281,229,309719,19633,0.23124031730557687
5282,229,-1,19410,0.13896223431384347
5283,229,19410,19410,0.19115510082958065
5284,229,145606,162547,0.6234014626426873
5285,229,117172,145606,0.2901836750603394
5286,229,369433,145606,0.07424780034578511
5287,229,117172,234414,0.1283552015585742
5288,229,234414,117172,0.1283552015585742
5289,229,0,309719,0.0674926799903826
5290,230,1254,1254,0.20190507888914527
5291,230,-2,1254,0.14326880621502405
5292,230,11209,0,0.0816642143105245
5293,230,19410,0,0.07677949381781206
5294,230,19410,1253,0.10542929906363725
5295,230,1253,1253,0.11249312412519821
5296,230,1253,11209,0.08432763056006481
5297,230,0,11209,0.0816642143105245
5298,230,19410,11209,0.13488549380484027
5299,230,-2,17993,0.12462929867821168
5300,230,0,17993,0.08579868282569919
5301,230,162547,17993,0.29904876836112293
5302,230,-2,19633,0.21175420081321997
5303,230,234414,19633,0.24410489719321363
5304,230,309719,19633,0.22972942413551717
5305,230,-1,19410,0.13623806121098564
5306,230,19410,19410,0.18751269606214307
5307,230,145606,162547,0.6233873778006161
5308,230,117172,145606,0.2893852010426523
5309,230,369433,145606,0.07448106213871408
5310,230,117172,234414,0.1252273024400375
5311,230,234414,117172,0.1252273024400375
5312,230,0,309719,0.06661938325651443
5313,231,1254,1254,0.18363146980150374
5314,231,-2,1254,0.13362440824040145
5315,231,11209,0,0.08323320790500359
5316,231,19410,0,0.07321372308776859
5317,231,19410,1253,0.10181787839291946
5318,231,1253,1253,0.11525610369252332
5319,231,1253,11209,0.08298550679561023
5320,231,0,11209,0.08323320790500359
5321,231,19410,11209,0.1312611658576834
5322,231,-2,17993,0.11996602761535907
5323,231,0,17993,0.08706046846212318
5324,231,162547,17993,0.28895997702389525
5325,231,-2,19633,0.2070262246170582
5326,231,234414,19633,0.25661264850977894
5327,231,309719,19633,0.2307756601372429
5328,231,-1,19410,0.12717917182058833
5329,231,19410,19410,0.17381414012712862
5330,231,145606,162547,0.6234480877810044
5331,231,117172,145606,0.29082847615289464
5332,231,369433,145606,0.07408025062294761
5333,231,117172,234414,0.13223583408911146
5334,231,234414,117172,0.13223583408911146
5335,231,0,309719,0.06793389812706764
5336,232,1254,1254,0.16817820519797627
5337,232,-2,1254,0.12731051816109692
5338,232,11209,0,0.09098492303432819
5339,232,19410,0,0.07573034672925559
5340,232,19410,1253,0.10288081308130477
5341,232,1253,1253,0.11709282286505603
5342,232,1253,11209,0.08325632666766752
5343,232,0,11209,0.09098492303432819
5344,232,19410,11209,0.13384230393593485
5345,232,-2,17993,0.12246271978786269
5346,232,0,17993,0.09311014121943802
5347,232,162547,17993,0.29106517608037047
5348,232,-2,19633,0.20756480125801868
5349,232,234414,19633,0.27201765947908496
5350,232,309719,19633,0.23399838206388554
5351,232,-1,19410,0.12605316017426277
5352,232,19410,19410,0.17094925735109728
5353,232,145606,162547,0.6235506862600971
5354,232,117172,145606,0.29299939068095704
5355,232,369433,145606,0.07344547275508595
5356,232,117172,234414,0.14072979212627523
5357,232,234414,117172,0.14072979212627523
5358,232,0,309719,0.07140737173809376
5359,233,1254,1254,0.17950172940772993
5360,233,-2,1254,0.13400312010959428
5361,233,11209,0,0.09000024648941558
5362,233,19410,0,0.07701368582861155
5363,233,19410,1253,0.10538214033663787
5364,233,1253,1253,0.11659745077944829
5365,233,1253,11209,0.0846966992392235
5366,233,0,11209,0.09000024648941558
5367,233,19410,11209,0.13745145164121098
5368,233,-2,17993,0.12583180535671246
5369,233,0,17993,0.09246094117907176
5370,233,162547,17993,0.29867333061692136
5371,233,-2,19633,0.21097869463292138
5372,233,234414,19633,0.2660325777576738
5373,233,309719,19633,0.2333853620506199
5374,233,-1,19410,0.1317458510370148
5375,233,19410,19410,0.17910219220929535
5376,233,145606,162547,0.6234963802253223
5377,233,117172,145606,0.29236937490912274
5378,233,369433,145606,0.07359524564433464
5379,233,117172,234414,0.1373034738947746
5380,233,234414,117172,0.1373034738947746
5381,233,0,309719,0.07007603417469221
5382,234,1254,1254,0.19385108104134763
5383,234,-2,1254,0.1382108164429385
5384,234,11209,0,0.08205431673563061
5385,234,19410,0,0.07488349146401434
5386,234,19410,1253,0.10260537246624629
5387,234,1253,1253,0.11220647695381611
5388,234,1253,11209,0.08184338109717068
5389,234,0,11209,0.08205431673563061
5390,234,19410,11209,0.13100663241928082
5391,234,-2,17993,0.12313043662356271
5392,234,0,17993,0.08677239734420047
5393,234,162547,17993,0.2956747117854335
5394,234,-2,19633,0.20942189842067838
5395,234,234414,19633,0.2515886823570742
5396,234,309719,19633,0.23032078861497163
5397,234,-1,19410,0.13121492360065576
5398,234,19410,19410,0.17898966741894223
5399,234,145606,162547,0.6234408459661978
5400,234,117172,145606,0.2905223640888169
5401,234,369433,145606,0.07407866476548061
5402,234,117172,234414,0.12955598769804075
5403,234,234414,117172,0.12955598769804075
5404,234,0,309719,0.06746654722097782
5405,235,1254,1254,0.1832168252781327
5406,235,-2,1254,0.1365832546576172
5407,235,11209,0,0.09030409236051129
5408,235,19410,0,0.0781577304198555
5409,235,19410,1253,0.1087868191800598
5410,235,1253,1253,0.11818800405868081
5411,235,1253,11209,0.08703550214822335
5412,235,0,11209,0.09030409236051129
5413,235,19410,11209,0.14217234030642312
5414,235,-2,17993,0.12760426054551527
5415,235,0,17993,0.0929677194615581
5416,235,162547,17993,0.3013327511297263
5417,235,-2,19633,0.21260359120480846
5418,235,234414,19633,0.26061759590622874
5419,235,309719,19633,0.23339624461427272
5420,235,-1,19410,0.13583832043161972
5421,235,19410,19410,0.18612925356893065
5422,235,145606,162547,0.6234267487717382
5423,235,117172,145606,0.2912638349893951
5424,235,369433,145606,0.07412661052606287
5425,235,117172,234414,0.13405099587031818
5426,235,234414,117172,0.13405099587031818
5427,235,0,309719,0.0694083678985609
5428,236,1254,1254,0.19604437379516204
5429,236,-2,1254,0.14246875269152087
5430,236,11209,0,0.08612924793377873
5431,236,19410,0,0.0781018629584835
5432,236,19410,1253,0.10830566589046739
5433,236,1253,1253,0.11578070294607688
5434,236,1253,11209,0.08684703714990458
5435,236,0,11209,0.08612924793377873
5436,236,19410,11209,0.14009031178814707
5437,236,-2,17993,0.12911861156245652
5438,236,0,17993,0.0902618439633736
5439,236,162547,17993,0.3058414499465906
5440,236,-2,19633,0.21455675676223124
5441,236,234414,19633,0.2535308458187939
5442,236,309719,19633,0.23198091199816498
5443,236,-1,19410,0.1393526429160244
5444,236,19410,19410,0.19128825058694057
5445,236,145606,162547,0.6234270038440297
5446,236,117172,145606,0.2906977131924551
5447,236,369433,145606,0.07406772845751802
5448,236,117172,234414,0.1302618065323632
5449,236,234414,117172,0.1302618065323632
5450,236,0,309719,0.06762489622697326
5451,237,1254,1254,0.20645355232154214
5452,237,-2,1254,0.14714783566851572
5453,237,11209,0,0.08351165438905565
5454,237,19410,0,0.07874939187632071
5455,237,19410,1253,0.10900346202814551
5456,237,1253,1253,0.11447938979486243
5457,237,1253,11209,0.0873145712831453
5458,237,0,11209,0.08351165438905565
5459,237,19410,11209,0.1404370462536625
5460,237,-2,17993,0.1300046474605991
5461,237,0,17993,0.08814856805322051
5462,237,162547,17993,0.30844785046324835
5463,237,-2,19633,0.21582972639953393
5464,237,234414,19633,0.24471006846735782
5465,237,309719,19633,0.2306858707682157
5466,237,-1,19410,0.14255181635236905
5467,237,19410,19410,0.19701216273486902
5468,237,145606,162547,0.6233691270870837
5469,237,117172,145606,0.2894491884892156
5470,237,369433,145606,0.0744691925261956
5471,237,117172,234414,0.12538196828366455
5472,237,234414,117172,0.12538196828366455
5473,237,0,309719,0.06635997033409818
5474,238,1254,1254,0.20944561914924695
5475,238,-2,1254,0.14923671022039084
5476,238,11209,0,0.08384668801725274
5477,238,19410,0,0.08000466369790131
5478,238,19410,1253,0.11049785533107392
5479,238,1253,1253,0.11489241182030337
5480,238,1253,11209,0.08872186757788224
5481,238,0,11209,0.08384668801725274
5482,238,19410,11209,0.14266592352556054
5483,238,-2,17993,0.13064481167974729
5484,238,0,17993,0.08794227053341018
5485,238,162547,17993,0.30979093804662694
5486,238,-2,19633,0.21687808025144606
5487,238,234414,19633,0.2414309541543475
5488,238,309719,19633,0.23051374844984335
5489,238,-1,19410,0.14484742323442673
5490,238,19410,19410,0.20108024741393238
5491,238,145606,162547,0.6233374671678539
5492,238,117172,145606,0.28889363917029265
5493,238,369433,145606,0.07470050998482453
5494,238,117172,234414,0.12346761463621123
5495,238,234414,117172,0.12346761463621123
5496,238,0,309719,0.0662377330468429
5497,239,1254,1254,0.20442637609828126
5498,239,-2,1254,0.14327065627040955
5499,239,11209,0,0.07798683584544783
5500,239,19410,0,0.07468261023285815
5501,239,19410,1253,0.10336025261279312
5502,239,1253,1253,0.11452406409978656
5503,239,1253,11209,0.08504796937522821
5504,239,0,11209,0.07798683584544783
5505,239,19410,11209,0.1308253559182661
5506,239,-2,17993,0.12163802906586349
5507,239,0,17993,0.08238693820352586
5508,239,162547,17993,0.29355328675925
5509,239,-2,19633,0.209898616649985
5510,239,234414,19633,0.23944474111471062
5511,239,309719,19633,0.22817116912710142
5512,239,-1,19410,0.13398392436018017
5513,239,19410,19410,0.18473736669653668
5514,239,145606,162547,0.6233459128656288
5515,239,117172,145606,0.28851503813736074
5516,239,369433,145606,0.07475241479705223
5517,239,117172,234414,0.12275813547554851
5518,239,234414,117172,0.12275813547554851
5519,239,0,309719,0.06533796598992463
5520,240,1254,1254,0.1764579867287714
5521,240,-2,1254,0.13267750737550243
5522,240,11209,0,0.09821441109690505
5523,240,19410,0,0.08347074990758814
5524,240,19410,1253,0.11032819233558366
5525,240,1253,1253,0.12370686435527231
5526,240,1253,11209,0.09020088948777986
5527,240,0,11209,0.09821441109690505
5528,240,19410,11209,0.14299071485621012
5529,240,-2,17993,0.12929883811745213
5530,240,0,17993,0.0947354440934277
5531,240,162547,17993,0.30133160782481266
5532,240,-2,19633,0.21338882951777646
5533,240,234414,19633,0.2664448996134695
5534,240,309719,19633,0.2350049121878712
5535,240,-1,19410,0.13691748676189874
5536,240,19410,19410,0.18788466961911246
5537,240,145606,162547,0.6234436164303888
5538,240,117172,145606,0.2917779114647646
5539,240,369433,145606,0.07409300777777904
5540,240,117172,234414,0.1373806006675385
5541,240,234414,117172,0.1373806006675385
5542,240,0,309719,0.07290397571982427
5543,241,1254,1254,0.19521917355513968
5544,241,-2,1254,0.13567760743642354
5545,241,11209,0,0.08458641135039084
5546,241,19410,0,0.07408401749670691
5547,241,19410,1253,0.09908606554779334
5548,241,1253,1253,0.11402305456170359
5549,241,1253,11209,0.08145455298699689
5550,241,0,11209,0.08458641135039084
5551,241,19410,11209,0.12337011577720233
5552,241,-2,17993,0.1218841490675599
5553,241,0,17993,0.08427605695047331
5554,241,162547,17993,0.29278553867004453
5555,241,-2,19633,0.20741958029015659
5556,241,234414,19633,0.2507180620674894
5557,241,309719,19633,0.2294178138492651
5558,241,-1,19410,0.12811914874990288
5559,241,19410,19410,0.17382288591696504
5560,241,145606,162547,0.623427400955778
5561,241,117172,145606,0.2902310574452826
5562,241,369433,145606,0.07414216175736511
5563,241,117172,234414,0.129405190536353
5564,241,234414,117172,0.129405190536353
5565,241,0,309719,0.06762365641804585
5566,242,1254,1254,0.17315205126739378
5567,242,-2,1254,0.12557375802630588
5568,242,11209,0,0.08968705291810602
5569,242,19410,0,0.0737135980536661
5570,242,19410,1253,0.09742465756362562
5571,242,1253,1253,0.1161479897310966
5572,242,1253,11209,0.08062149098912055
5573,242,0,11209,0.08968705291810602
5574,242,19410,11209,0.12363286003617813
5575,242,-2,17993,0.11966862877983689
5576,242,0,17993,0.08878481767743128
5577,242,162547,17993,0.2866558531144171
5578,242,-2,19633,0.20436943419135586
5579,242,234414,19633,0.267687501403165
5580,242,309719,19633,0.2319899867059006
5581,242,-1,19410,0.12119524998253503
5582,242,19410,19410,0.1636312082596994
5583,242,145606,162547,0.6235169876229945
5584,242,117172,145606,0.2923579665580198
5585,242,369433,145606,0.0736149159563247
5586,242,117172,234414,0.13877474422077318
5587,242,234414,117172,0.13877474422077318
5588,242,0,309719,0.07083367902433069
5589,243,1254,1254,0.1672686917343902
5590,243,-2,1254,0.1268733860054313
5591,243,11209,0,0.09535279524190214
5592,243,19410,0,0.07670189341547211
5593,243,19410,1253,0.10321201398877097
5594,243,1253,1253,0.1200496166259095
5595,243,1253,11209,0.08513163841438365
5596,243,0,11209,0.09535279524190214
5597,243,19410,11209,0.13340295858360604
5598,243,-2,17993,0.12518093767322372
5599,243,0,17993,0.0944023449715378
5600,243,162547,17993,0.29487332578188186
5601,243,-2,19633,0.20901469837497366
5602,243,234414,19633,0.27532309693708445
5603,243,309719,19633,0.23481678683672738
5604,243,-1,19410,0.12759687703251074
5605,243,19410,19410,0.1723232109306821
5606,243,145606,162547,0.6235253318197803
5607,243,117172,145606,0.29336882912475953
5608,243,369433,145606,0.07344563692937853
5609,243,117172,234414,0.14261041641802386
5610,243,234414,117172,0.14261041641802386
5611,243,0,309719,0.07203532532830881
5612,244,1254,1254,0.1890299273346245
5613,244,-2,1254,0.13418392259079015
5614,244,11209,0,0.08353351417476138
5615,244,19410,0,0.07347267532672563
5616,244,19410,1253,0.09940386380908696
5617,244,1253,1253,0.11278440402686125
5618,244,1253,11209,0.08068040074262817
5619,244,0,11209,0.08353351417476138
5620,244,19410,11209,0.12508585012167414
5621,244,-2,17993,0.1230813043705529
5622,244,0,17993,0.08724117691243746
5623,244,162547,17993,0.2946146982989344
5624,244,-2,19633,0.20804686353863797
5625,244,234414,19633,0.25749838414503334
5626,244,309719,19633,0.23083083106541952
5627,244,-1,19410,0.12793016538186563
5628,244,19410,19410,0.1730351728021561
5629,244,145606,162547,0.6234824418049582
5630,244,117172,145606,0.2914071310541588
5631,244,369433,145606,0.07376825213753606
5632,244,117172,234414,0.1330848246428491
5633,244,234414,117172,0.1330848246428491
5634,244,0,309719,0.06809331687570283
5635,245,1254,1254,0.18149603440000536
5636,245,-2,1254,0.13219356200215276
5637,245,11209,0,0.08567548762834012
5638,245,19410,0,0.07389527592035429
5639,245,19410,1253,0.10183452077651035
5640,245,1253,1253,0.11457567297816129
5641,245,1253,11209,0.081946997682337
5642,245,0,11209,0.08567548762834012
5643,245,19410,11209,0.13025417660074876
5644,245,-2,17993,0.12250901154936479
5645,245,0,17993,0.08917575449714202
5646,245,162547,17993,0.29262761336162785
5647,245,-2,19633,0.20787783926188266
5648,245,234414,19633,0.260993915139326
5649,245,309719,19633,0.23186854248274727
5650,245,-1,19410,0.12787240475427933
5651,245,19410,19410,0.17352745061420416
5652,245,145606,162547,0.6234851883092919
5653,245,117172,145606,0.2915621528395624
5654,245,369433,145606,0.0738599607500497
5655,245,117172,234414,0.13472902424976646
5656,245,234414,117172,0.13472902424976646
5657,245,0,309719,0.06872857582542505
5658,246,1254,1254,0.17412730711840735
5659,246,-2,1254,0.127834777802406
5660,246,11209,0,0.08387055103174214
5661,246,19410,0,0.07045302204164862
5662,246,19410,1253,0.09850002904601
5663,246,1253,1253,0.11507457488607063
5664,246,1253,11209,0.08051652459825337
5665,246,0,11209,0.08387055103174214
5666,246,19410,11209,0.12641694126159855
5667,246,-2,17993,0.11815709034141411
5668,246,0,17993,0.08803942406261245
5669,246,162547,17993,0.28500995216813574
5670,246,-2,19633,0.20438335402693442
5671,246,234414,19633,0.265088462290315
5672,246,309719,19633,0.23149601178733922
5673,246,-1,19410,0.12149583101439014
5674,246,19410,19410,0.16395003180996473
5675,246,145606,162547,0.6235070665564681
5676,246,117172,145606,0.29207686787015247
5677,246,369433,145606,0.07365382214522627
5678,246,117172,234414,0.1371091773488201
5679,246,234414,117172,0.1371091773488201
5680,246,0,309719,0.06860482483041296
5681,247,1254,1254,0.16214401418346303
5682,247,-2,1254,0.12359971025135463
5683,247,11209,0,0.09099163505874387
5684,247,19410,0,0.0736261769859988
5685,247,19410,1253,0.10060199509847231
5686,247,1253,1253,0.11690092286758069
5687,247,1253,11209,0.08157242286712829
5688,247,0,11209,0.09099163505874387
5689,247,19410,11209,0.1305211998794348
5690,247,-2,17993,0.12102687477542529
5691,247,0,17993,0.09350847907692278
5692,247,162547,17993,0.2880721110263712
5693,247,-2,19633,0.20568853806526893
5694,247,234414,19633,0.27705124032449
5695,247,309719,19633,0.23434622316892936
5696,247,-1,19410,0.12218795221109222
5697,247,19410,19410,0.16431183019634685
5698,247,145606,162547,0.6235840947716786
5699,247,117172,145606,0.29372364188471595
5700,247,369433,145606,0.07320803686918453
5701,247,117172,234414,0.14362248827725912
5702,247,234414,117172,0.14362248827725912
5703,247,0,309719,0.07164655108344505
5704,248,1254,1254,0.1738516794879074
5705,248,-2,1254,0.1285364563923138
5706,248,11209,0,0.08639306234710767
5707,248,19410,0,0.07284939982712872
5708,248,19410,1253,0.09991731707207828
5709,248,1253,1253,0.11352807703283817
5710,248,1253,11209,0.0799882978902629
5711,248,0,11209,0.08639306234710767
5712,248,19410,11209,0.12887792313958182
5713,248,-2,17993,0.12058491633978782
5714,248,0,17993,0.09038743276911995
5715,248,162547,17993,0.28956659518063704
5716,248,-2,19633,0.20604596390260083
5717,248,234414,19633,0.26784989447237617
5718,248,309719,19633,0.23249449924258084
5719,248,-1,19410,0.12350620252082527
5720,248,19410,19410,0.16606230277754816
5721,248,145606,162547,0.6235426628052565
5722,248,117172,145606,0.292735299071563
5723,248,369433,145606,0.07340592442546137
5724,248,117172,234414,0.13860471421596493
5725,248,234414,117172,0.13860471421596493
5726,248,0,309719,0.06983784754478971
5727,249,1254,1254,0.17128876780916635
5728,249,-2,1254,0.12634223516300977
5729,249,11209,0,0.08387171485200506
5730,249,19410,0,0.07016509852293505
5731,249,19410,1253,0.0974219494112208
5732,249,1253,1253,0.11477666981521556
5733,249,1253,11209,0.0795957812834105
5734,249,0,11209,0.08387171485200506
5735,249,19410,11209,0.1253984504868112
5736,249,-2,17993,0.11625287631811233
5737,249,0,17993,0.08766241710180725
5738,249,162547,17993,0.2817770019417376
5739,249,-2,19633,0.2030388753188265
5740,249,234414,19633,0.2663901881580776
5741,249,309719,19633,0.23133463030299645
5742,249,-1,19410,0.1190017618343668
5743,249,19410,19410,0.15991670446894335
5744,249,145606,162547,0.6235172503267868
5745,249,117172,145606,0.2922789276974064
5746,249,369433,145606,0.07357883177934085
5747,249,117172,234414,0.1378532752051116
5748,249,234414,117172,0.1378532752051116
5749,249,0,309719,0.06907206075035455
