Key: 3904036
Fitness: 0.9612690106060237
Nodes:
	0 DefaultNodeGene(key=0, bias=-0.3577730811352201, response=0.5456611650800305, activation=sigmoid, aggregation=sum)
	2255 DefaultNodeGene(key=2255, bias=-0.42734436747923216, response=0.3183710915580764, activation=sigmoid, aggregation=sum)
	36786 DefaultNodeGene(key=36786, bias=-0.4777939444250474, response=0.7738004127139096, activation=sigmoid, aggregation=sum)
Connections:
	DefaultConnectionGene(key=(-2, 2255), weight=1.0, enabled=True)
	DefaultConnectionGene(key=(-1, 2255), weight=0.6280818248069974, enabled=False)
	DefaultConnectionGene(key=(-1, 36786), weight=0.7044754366760139, enabled=True)
	DefaultConnectionGene(key=(0, 0), weight=0.877091151533074, enabled=True)
	DefaultConnectionGene(key=(2255, 0), weight=-1.0, enabled=True)
	DefaultConnectionGene(key=(2255, 2255), weight=0.9450449827193755, enabled=True)
	DefaultConnectionGene(key=(36786, 0), weight=0.5242233296304958, enabled=True)
	DefaultConnectionGene(key=(36786, 2255), weight=-0.2921190811294135, enabled=True)
	DefaultConnectionGene(key=(36786, 36786), weight=0.8090592459517533, enabled=True)