,trial,prior_node,posterior_node,weight
0,0,100,6493,0.0
1,0,6493,6493,0.0
2,0,-2,6493,0.0
3,0,-2,100,0.0
4,0,100,100,0.0
5,0,-1,8493,0.0
6,0,8493,8493,0.0
7,1,100,6493,0.0
8,1,6493,6493,0.0
9,1,-2,6493,0.0
10,1,-2,100,0.0
11,1,100,100,0.0
12,1,-1,8493,0.0
13,1,8493,8493,0.0
14,2,100,6493,0.0
15,2,6493,6493,0.0
16,2,-2,6493,0.0
17,2,-2,100,0.0
18,2,100,100,0.0
19,2,-1,8493,0.0
20,2,8493,8493,0.0
21,3,100,6493,0.0
22,3,6493,6493,0.0
23,3,-2,6493,0.0
24,3,-2,100,0.0
25,3,100,100,0.0
26,3,-1,8493,0.0
27,3,8493,8493,0.0
28,4,100,6493,0.0
29,4,6493,6493,0.0
30,4,-2,6493,0.0
31,4,-2,100,0.0
32,4,100,100,0.0
33,4,-1,8493,0.0
34,4,8493,8493,0.0
35,5,100,6493,0.0
36,5,6493,6493,0.0
37,5,-2,6493,0.0
38,5,-2,100,0.0
39,5,100,100,0.0
40,5,-1,8493,0.0
41,5,8493,8493,0.0
42,6,100,6493,0.0
43,6,6493,6493,0.0
44,6,-2,6493,0.0
45,6,-2,100,0.0
46,6,100,100,0.0
47,6,-1,8493,0.0
48,6,8493,8493,0.0
49,7,100,6493,0.0
50,7,6493,6493,0.0
51,7,-2,6493,0.0
52,7,-2,100,0.0
53,7,100,100,0.0
54,7,-1,8493,0.0
55,7,8493,8493,0.0
56,8,100,6493,0.0
57,8,6493,6493,0.0
58,8,-2,6493,0.0
59,8,-2,100,0.0
60,8,100,100,0.0
61,8,-1,8493,0.0
62,8,8493,8493,0.0
63,9,100,6493,0.0
64,9,6493,6493,0.0
65,9,-2,6493,0.0
66,9,-2,100,0.0
67,9,100,100,0.0
68,9,-1,8493,0.0
69,9,8493,8493,0.0
70,10,100,6493,0.0
71,10,6493,6493,0.0
72,10,-2,6493,0.0
73,10,-2,100,0.0
74,10,100,100,0.0
75,10,-1,8493,0.0
76,10,8493,8493,0.0
77,11,100,6493,0.0
78,11,6493,6493,0.0
79,11,-2,6493,0.0
80,11,-2,100,0.0
81,11,100,100,0.0
82,11,-1,8493,0.0
83,11,8493,8493,0.0
84,12,100,6493,0.0
85,12,6493,6493,0.0
86,12,-2,6493,0.0
87,12,-2,100,0.0
88,12,100,100,0.0
89,12,-1,8493,0.0
90,12,8493,8493,0.0
91,13,100,6493,0.0
92,13,6493,6493,0.0
93,13,-2,6493,0.0
94,13,-2,100,0.0
95,13,100,100,0.0
96,13,-1,8493,0.0
97,13,8493,8493,0.0
98,14,100,6493,0.0
99,14,6493,6493,0.0
100,14,-2,6493,0.0
101,14,-2,100,0.0
102,14,100,100,0.0
103,14,-1,8493,0.0
104,14,8493,8493,0.0
105,15,100,6493,0.0
106,15,6493,6493,0.0
107,15,-2,6493,0.0
108,15,-2,100,0.0
109,15,100,100,0.0
110,15,-1,8493,0.0
111,15,8493,8493,0.0
112,16,100,6493,0.0
113,16,6493,6493,0.0
114,16,-2,6493,0.0
115,16,-2,100,0.0
116,16,100,100,0.0
117,16,-1,8493,0.0
118,16,8493,8493,0.0
119,17,100,6493,0.0
120,17,6493,6493,0.0
121,17,-2,6493,0.0
122,17,-2,100,0.0
123,17,100,100,0.0
124,17,-1,8493,0.0
125,17,8493,8493,0.0
126,18,100,6493,0.0
127,18,6493,6493,0.0
128,18,-2,6493,0.0
129,18,-2,100,0.0
130,18,100,100,0.0
131,18,-1,8493,0.0
132,18,8493,8493,0.0
133,19,100,6493,0.0
134,19,6493,6493,0.0
135,19,-2,6493,0.0
136,19,-2,100,0.0
137,19,100,100,0.0
138,19,-1,8493,0.0
139,19,8493,8493,0.0
140,20,100,6493,0.0
141,20,6493,6493,0.0
142,20,-2,6493,0.0
143,20,-2,100,0.0
144,20,100,100,0.0
145,20,-1,8493,0.0
146,20,8493,8493,0.0
147,21,100,6493,0.0
148,21,6493,6493,0.0
149,21,-2,6493,0.0
150,21,-2,100,0.0
151,21,100,100,0.0
152,21,-1,8493,0.0
153,21,8493,8493,0.0
154,22,100,6493,0.0
155,22,6493,6493,0.0
156,22,-2,6493,0.0
157,22,-2,100,0.0
158,22,100,100,0.0
159,22,-1,8493,0.0
160,22,8493,8493,0.0
161,23,100,6493,0.0
162,23,6493,6493,0.0
163,23,-2,6493,0.0
164,23,-2,100,0.0
165,23,100,100,0.0
166,23,-1,8493,0.0
167,23,8493,8493,0.0
168,24,100,6493,0.0
169,24,6493,6493,0.0
170,24,-2,6493,0.0
171,24,-2,100,0.0
172,24,100,100,0.0
173,24,-1,8493,0.0
174,24,8493,8493,0.0
175,25,100,6493,0.0
176,25,6493,6493,0.0
177,25,-2,6493,0.0
178,25,-2,100,0.0
179,25,100,100,0.0
180,25,-1,8493,0.0
181,25,8493,8493,0.0
182,26,100,6493,0.0
183,26,6493,6493,0.0
184,26,-2,6493,0.0
185,26,-2,100,0.0
186,26,100,100,0.0
187,26,-1,8493,0.0
188,26,8493,8493,0.0
189,27,100,6493,0.0
190,27,6493,6493,0.0
191,27,-2,6493,0.0
192,27,-2,100,0.0
193,27,100,100,0.0
194,27,-1,8493,0.0
195,27,8493,8493,0.0
196,28,100,6493,0.0
197,28,6493,6493,0.0
198,28,-2,6493,0.0
199,28,-2,100,0.0
200,28,100,100,0.0
201,28,-1,8493,0.0
202,28,8493,8493,0.0
203,29,100,6493,0.0
204,29,6493,6493,0.0
205,29,-2,6493,0.0
206,29,-2,100,0.0
207,29,100,100,0.0
208,29,-1,8493,0.0
209,29,8493,8493,0.0
210,30,100,6493,0.0
211,30,6493,6493,0.0
212,30,-2,6493,0.0
213,30,-2,100,0.0
214,30,100,100,0.0
215,30,-1,8493,0.0
216,30,8493,8493,0.0
217,31,100,6493,0.0
218,31,6493,6493,0.0
219,31,-2,6493,0.0
220,31,-2,100,0.0
221,31,100,100,0.0
222,31,-1,8493,0.0
223,31,8493,8493,0.0
224,32,100,6493,0.0
225,32,6493,6493,0.0
226,32,-2,6493,0.0
227,32,-2,100,0.0
228,32,100,100,0.0
229,32,-1,8493,0.0
230,32,8493,8493,0.0
231,33,100,6493,0.0
232,33,6493,6493,0.0
233,33,-2,6493,0.0
234,33,-2,100,0.0
235,33,100,100,0.0
236,33,-1,8493,0.0
237,33,8493,8493,0.0
238,34,100,6493,0.0
239,34,6493,6493,0.0
240,34,-2,6493,0.0
241,34,-2,100,0.0
242,34,100,100,0.0
243,34,-1,8493,0.0
244,34,8493,8493,0.0
245,35,100,6493,0.0
246,35,6493,6493,0.0
247,35,-2,6493,0.0
248,35,-2,100,0.0
249,35,100,100,0.0
250,35,-1,8493,0.0
251,35,8493,8493,0.0
252,36,100,6493,0.0
253,36,6493,6493,0.0
254,36,-2,6493,0.0
255,36,-2,100,0.0
256,36,100,100,0.0
257,36,-1,8493,0.0
258,36,8493,8493,0.0
259,37,100,6493,0.0
260,37,6493,6493,0.0
261,37,-2,6493,0.0
262,37,-2,100,0.0
263,37,100,100,0.0
264,37,-1,8493,0.0
265,37,8493,8493,0.0
266,38,100,6493,0.0
267,38,6493,6493,0.0
268,38,-2,6493,0.0
269,38,-2,100,0.0
270,38,100,100,0.0
271,38,-1,8493,0.0
272,38,8493,8493,0.0
273,39,100,6493,0.0
274,39,6493,6493,0.0
275,39,-2,6493,0.0
276,39,-2,100,0.0
277,39,100,100,0.0
278,39,-1,8493,0.0
279,39,8493,8493,0.0
280,40,100,6493,0.0
281,40,6493,6493,0.0
282,40,-2,6493,0.0
283,40,-2,100,0.0
284,40,100,100,0.0
285,40,-1,8493,0.0
286,40,8493,8493,0.0
287,41,100,6493,0.0
288,41,6493,6493,0.0
289,41,-2,6493,0.0
290,41,-2,100,0.0
291,41,100,100,0.0
292,41,-1,8493,0.0
293,41,8493,8493,0.0
294,42,100,6493,0.0
295,42,6493,6493,0.0
296,42,-2,6493,0.0
297,42,-2,100,0.0
298,42,100,100,0.0
299,42,-1,8493,0.0
300,42,8493,8493,0.0
301,43,100,6493,0.0
302,43,6493,6493,0.0
303,43,-2,6493,0.0
304,43,-2,100,0.0
305,43,100,100,0.0
306,43,-1,8493,0.0
307,43,8493,8493,0.0
308,44,100,6493,0.0
309,44,6493,6493,0.0
310,44,-2,6493,0.0
311,44,-2,100,0.0
312,44,100,100,0.0
313,44,-1,8493,0.0
314,44,8493,8493,0.0
315,45,100,6493,0.0
316,45,6493,6493,0.0
317,45,-2,6493,0.0
318,45,-2,100,0.0
319,45,100,100,0.0
320,45,-1,8493,0.0
321,45,8493,8493,0.0
322,46,100,6493,0.0
323,46,6493,6493,0.0
324,46,-2,6493,0.0
325,46,-2,100,0.0
326,46,100,100,0.0
327,46,-1,8493,0.0
328,46,8493,8493,0.0
329,47,100,6493,0.0
330,47,6493,6493,0.0
331,47,-2,6493,0.0
332,47,-2,100,0.0
333,47,100,100,0.0
334,47,-1,8493,0.0
335,47,8493,8493,0.0
336,48,100,6493,0.0
337,48,6493,6493,0.0
338,48,-2,6493,0.0
339,48,-2,100,0.0
340,48,100,100,0.0
341,48,-1,8493,0.0
342,48,8493,8493,0.0
343,49,100,6493,0.0
344,49,6493,6493,0.0
345,49,-2,6493,0.0
346,49,-2,100,0.0
347,49,100,100,0.0
348,49,-1,8493,0.0
349,49,8493,8493,0.0
350,50,100,6493,0.0
351,50,6493,6493,0.0
352,50,-2,6493,0.0
353,50,-2,100,0.0
354,50,100,100,0.0
355,50,-1,8493,0.0
356,50,8493,8493,0.0
357,51,100,6493,0.0
358,51,6493,6493,0.0
359,51,-2,6493,0.0
360,51,-2,100,0.0
361,51,100,100,0.0
362,51,-1,8493,0.0
363,51,8493,8493,0.0
364,52,100,6493,0.0
365,52,6493,6493,0.0
366,52,-2,6493,0.0
367,52,-2,100,0.0
368,52,100,100,0.0
369,52,-1,8493,0.0
370,52,8493,8493,0.0
371,53,100,6493,0.0
372,53,6493,6493,0.0
373,53,-2,6493,0.0
374,53,-2,100,0.0
375,53,100,100,0.0
376,53,-1,8493,0.0
377,53,8493,8493,0.0
378,54,100,6493,0.0
379,54,6493,6493,0.0
380,54,-2,6493,0.0
381,54,-2,100,0.0
382,54,100,100,0.0
383,54,-1,8493,0.0
384,54,8493,8493,0.0
385,55,100,6493,0.0
386,55,6493,6493,0.0
387,55,-2,6493,0.0
388,55,-2,100,0.0
389,55,100,100,0.0
390,55,-1,8493,0.0
391,55,8493,8493,0.0
392,56,100,6493,0.0
393,56,6493,6493,0.0
394,56,-2,6493,0.0
395,56,-2,100,0.0
396,56,100,100,0.0
397,56,-1,8493,0.0
398,56,8493,8493,0.0
399,57,100,6493,0.0
400,57,6493,6493,0.0
401,57,-2,6493,0.0
402,57,-2,100,0.0
403,57,100,100,0.0
404,57,-1,8493,0.0
405,57,8493,8493,0.0
406,58,100,6493,0.0
407,58,6493,6493,0.0
408,58,-2,6493,0.0
409,58,-2,100,0.0
410,58,100,100,0.0
411,58,-1,8493,0.0
412,58,8493,8493,0.0
413,59,100,6493,0.0
414,59,6493,6493,0.0
415,59,-2,6493,0.0
416,59,-2,100,0.0
417,59,100,100,0.0
418,59,-1,8493,0.0
419,59,8493,8493,0.0
420,60,100,6493,0.0
421,60,6493,6493,0.0
422,60,-2,6493,0.0
423,60,-2,100,0.0
424,60,100,100,0.0
425,60,-1,8493,0.0
426,60,8493,8493,0.0
427,61,100,6493,0.0
428,61,6493,6493,0.0
429,61,-2,6493,0.0
430,61,-2,100,0.0
431,61,100,100,0.0
432,61,-1,8493,0.0
433,61,8493,8493,0.0
434,62,100,6493,0.0
435,62,6493,6493,0.0
436,62,-2,6493,0.0
437,62,-2,100,0.0
438,62,100,100,0.0
439,62,-1,8493,0.0
440,62,8493,8493,0.0
441,63,100,6493,0.0
442,63,6493,6493,0.0
443,63,-2,6493,0.0
444,63,-2,100,0.0
445,63,100,100,0.0
446,63,-1,8493,0.0
447,63,8493,8493,0.0
448,64,100,6493,0.0
449,64,6493,6493,0.0
450,64,-2,6493,0.0
451,64,-2,100,0.0
452,64,100,100,0.0
453,64,-1,8493,0.0
454,64,8493,8493,0.0
455,65,100,6493,0.0
456,65,6493,6493,0.0
457,65,-2,6493,0.0
458,65,-2,100,0.0
459,65,100,100,0.0
460,65,-1,8493,0.0
461,65,8493,8493,0.0
462,66,100,6493,0.0
463,66,6493,6493,0.0
464,66,-2,6493,0.0
465,66,-2,100,0.0
466,66,100,100,0.0
467,66,-1,8493,0.0
468,66,8493,8493,0.0
469,67,100,6493,0.0
470,67,6493,6493,0.0
471,67,-2,6493,0.0
472,67,-2,100,0.0
473,67,100,100,0.0
474,67,-1,8493,0.0
475,67,8493,8493,0.0
476,68,100,6493,0.0
477,68,6493,6493,0.0
478,68,-2,6493,0.0
479,68,-2,100,0.0
480,68,100,100,0.0
481,68,-1,8493,0.0
482,68,8493,8493,0.0
483,69,100,6493,0.0
484,69,6493,6493,0.0
485,69,-2,6493,0.0
486,69,-2,100,0.0
487,69,100,100,0.0
488,69,-1,8493,0.0
489,69,8493,8493,0.0
490,70,100,6493,0.0
491,70,6493,6493,0.0
492,70,-2,6493,0.0
493,70,-2,100,0.0
494,70,100,100,0.0
495,70,-1,8493,0.0
496,70,8493,8493,0.0
497,71,100,6493,0.0
498,71,6493,6493,0.0
499,71,-2,6493,0.0
500,71,-2,100,0.0
501,71,100,100,0.0
502,71,-1,8493,0.0
503,71,8493,8493,0.0
504,72,100,6493,0.0
505,72,6493,6493,0.0
506,72,-2,6493,0.0
507,72,-2,100,0.0
508,72,100,100,0.0
509,72,-1,8493,0.0
510,72,8493,8493,0.0
511,73,100,6493,0.0
512,73,6493,6493,0.0
513,73,-2,6493,0.0
514,73,-2,100,0.0
515,73,100,100,0.0
516,73,-1,8493,0.0
517,73,8493,8493,0.0
518,74,100,6493,0.0
519,74,6493,6493,0.0
520,74,-2,6493,0.0
521,74,-2,100,0.0
522,74,100,100,0.0
523,74,-1,8493,0.0
524,74,8493,8493,0.0
525,75,100,6493,0.0
526,75,6493,6493,0.0
527,75,-2,6493,0.0
528,75,-2,100,0.0
529,75,100,100,0.0
530,75,-1,8493,0.0
531,75,8493,8493,0.0
532,76,100,6493,0.0
533,76,6493,6493,0.0
534,76,-2,6493,0.0
535,76,-2,100,0.0
536,76,100,100,0.0
537,76,-1,8493,0.0
538,76,8493,8493,0.0
539,77,100,6493,0.0
540,77,6493,6493,0.0
541,77,-2,6493,0.0
542,77,-2,100,0.0
543,77,100,100,0.0
544,77,-1,8493,0.0
545,77,8493,8493,0.0
546,78,100,6493,0.0
547,78,6493,6493,0.0
548,78,-2,6493,0.0
549,78,-2,100,0.0
550,78,100,100,0.0
551,78,-1,8493,0.0
552,78,8493,8493,0.0
553,79,100,6493,0.0
554,79,6493,6493,0.0
555,79,-2,6493,0.0
556,79,-2,100,0.0
557,79,100,100,0.0
558,79,-1,8493,0.0
559,79,8493,8493,0.0
560,80,100,6493,0.0
561,80,6493,6493,0.0
562,80,-2,6493,0.0
563,80,-2,100,0.0
564,80,100,100,0.0
565,80,-1,8493,0.0
566,80,8493,8493,0.0
567,81,100,6493,0.0
568,81,6493,6493,0.0
569,81,-2,6493,0.0
570,81,-2,100,0.0
571,81,100,100,0.0
572,81,-1,8493,0.0
573,81,8493,8493,0.0
574,82,100,6493,0.0
575,82,6493,6493,0.0
576,82,-2,6493,0.0
577,82,-2,100,0.0
578,82,100,100,0.0
579,82,-1,8493,0.0
580,82,8493,8493,0.0
581,83,100,6493,0.0
582,83,6493,6493,0.0
583,83,-2,6493,0.0
584,83,-2,100,0.0
585,83,100,100,0.0
586,83,-1,8493,0.0
587,83,8493,8493,0.0
588,84,100,6493,0.0
589,84,6493,6493,0.0
590,84,-2,6493,0.0
591,84,-2,100,0.0
592,84,100,100,0.0
593,84,-1,8493,0.0
594,84,8493,8493,0.0
595,85,100,6493,0.0
596,85,6493,6493,0.0
597,85,-2,6493,0.0
598,85,-2,100,0.0
599,85,100,100,0.0
600,85,-1,8493,0.0
601,85,8493,8493,0.0
602,86,100,6493,0.0
603,86,6493,6493,0.0
604,86,-2,6493,0.0
605,86,-2,100,0.0
606,86,100,100,0.0
607,86,-1,8493,0.0
608,86,8493,8493,0.0
609,87,100,6493,0.0
610,87,6493,6493,0.0
611,87,-2,6493,0.0
612,87,-2,100,0.0
613,87,100,100,0.0
614,87,-1,8493,0.0
615,87,8493,8493,0.0
616,88,100,6493,0.0
617,88,6493,6493,0.0
618,88,-2,6493,0.0
619,88,-2,100,0.0
620,88,100,100,0.0
621,88,-1,8493,0.0
622,88,8493,8493,0.0
623,89,100,6493,0.0
624,89,6493,6493,0.0
625,89,-2,6493,0.0
626,89,-2,100,0.0
627,89,100,100,0.0
628,89,-1,8493,0.0
629,89,8493,8493,0.0
630,90,100,6493,0.0
631,90,6493,6493,0.0
632,90,-2,6493,0.0
633,90,-2,100,0.0
634,90,100,100,0.0
635,90,-1,8493,0.0
636,90,8493,8493,0.0
637,91,100,6493,0.0
638,91,6493,6493,0.0
639,91,-2,6493,0.0
640,91,-2,100,0.0
641,91,100,100,0.0
642,91,-1,8493,0.0
643,91,8493,8493,0.0
644,92,100,6493,0.0
645,92,6493,6493,0.0
646,92,-2,6493,0.0
647,92,-2,100,0.0
648,92,100,100,0.0
649,92,-1,8493,0.0
650,92,8493,8493,0.0
651,93,100,6493,0.0
652,93,6493,6493,0.0
653,93,-2,6493,0.0
654,93,-2,100,0.0
655,93,100,100,0.0
656,93,-1,8493,0.0
657,93,8493,8493,0.0
658,94,100,6493,0.0
659,94,6493,6493,0.0
660,94,-2,6493,0.0
661,94,-2,100,0.0
662,94,100,100,0.0
663,94,-1,8493,0.0
664,94,8493,8493,0.0
665,95,100,6493,0.0
666,95,6493,6493,0.0
667,95,-2,6493,0.0
668,95,-2,100,0.0
669,95,100,100,0.0
670,95,-1,8493,0.0
671,95,8493,8493,0.0
672,96,100,6493,0.0
673,96,6493,6493,0.0
674,96,-2,6493,0.0
675,96,-2,100,0.0
676,96,100,100,0.0
677,96,-1,8493,0.0
678,96,8493,8493,0.0
679,97,100,6493,0.0
680,97,6493,6493,0.0
681,97,-2,6493,0.0
682,97,-2,100,0.0
683,97,100,100,0.0
684,97,-1,8493,0.0
685,97,8493,8493,0.0
686,98,100,6493,0.0
687,98,6493,6493,0.0
688,98,-2,6493,0.0
689,98,-2,100,0.0
690,98,100,100,0.0
691,98,-1,8493,0.0
692,98,8493,8493,0.0
693,99,100,6493,0.0
694,99,6493,6493,0.0
695,99,-2,6493,0.0
696,99,-2,100,0.0
697,99,100,100,0.0
698,99,-1,8493,0.0
699,99,8493,8493,0.0
700,100,100,6493,0.0
701,100,6493,6493,0.0
702,100,-2,6493,0.0
703,100,-2,100,0.0
704,100,100,100,0.0
705,100,-1,8493,0.0
706,100,8493,8493,0.0
707,101,100,6493,0.0
708,101,6493,6493,0.0
709,101,-2,6493,0.0
710,101,-2,100,0.0
711,101,100,100,0.0
712,101,-1,8493,0.0
713,101,8493,8493,0.0
714,102,100,6493,0.0
715,102,6493,6493,0.0
716,102,-2,6493,0.0
717,102,-2,100,0.0
718,102,100,100,0.0
719,102,-1,8493,0.0
720,102,8493,8493,0.0
721,103,100,6493,0.0
722,103,6493,6493,0.0
723,103,-2,6493,0.0
724,103,-2,100,0.0
725,103,100,100,0.0
726,103,-1,8493,0.0
727,103,8493,8493,0.0
728,104,100,6493,0.0
729,104,6493,6493,0.0
730,104,-2,6493,0.0
731,104,-2,100,0.0
732,104,100,100,0.0
733,104,-1,8493,0.0
734,104,8493,8493,0.0
735,105,100,6493,0.0
736,105,6493,6493,0.0
737,105,-2,6493,0.0
738,105,-2,100,0.0
739,105,100,100,0.0
740,105,-1,8493,0.0
741,105,8493,8493,0.0
742,106,100,6493,0.0
743,106,6493,6493,0.0
744,106,-2,6493,0.0
745,106,-2,100,0.0
746,106,100,100,0.0
747,106,-1,8493,0.0
748,106,8493,8493,0.0
749,107,100,6493,0.0
750,107,6493,6493,0.0
751,107,-2,6493,0.0
752,107,-2,100,0.0
753,107,100,100,0.0
754,107,-1,8493,0.0
755,107,8493,8493,0.0
756,108,100,6493,0.0
757,108,6493,6493,0.0
758,108,-2,6493,0.0
759,108,-2,100,0.0
760,108,100,100,0.0
761,108,-1,8493,0.0
762,108,8493,8493,0.0
763,109,100,6493,0.0
764,109,6493,6493,0.0
765,109,-2,6493,0.0
766,109,-2,100,0.0
767,109,100,100,0.0
768,109,-1,8493,0.0
769,109,8493,8493,0.0
770,110,100,6493,0.0
771,110,6493,6493,0.0
772,110,-2,6493,0.0
773,110,-2,100,0.0
774,110,100,100,0.0
775,110,-1,8493,0.0
776,110,8493,8493,0.0
777,111,100,6493,0.0
778,111,6493,6493,0.0
779,111,-2,6493,0.0
780,111,-2,100,0.0
781,111,100,100,0.0
782,111,-1,8493,0.0
783,111,8493,8493,0.0
784,112,100,6493,0.0
785,112,6493,6493,0.0
786,112,-2,6493,0.0
787,112,-2,100,0.0
788,112,100,100,0.0
789,112,-1,8493,0.0
790,112,8493,8493,0.0
791,113,100,6493,0.0
792,113,6493,6493,0.0
793,113,-2,6493,0.0
794,113,-2,100,0.0
795,113,100,100,0.0
796,113,-1,8493,0.0
797,113,8493,8493,0.0
798,114,100,6493,0.0
799,114,6493,6493,0.0
800,114,-2,6493,0.0
801,114,-2,100,0.0
802,114,100,100,0.0
803,114,-1,8493,0.0
804,114,8493,8493,0.0
805,115,100,6493,0.0
806,115,6493,6493,0.0
807,115,-2,6493,0.0
808,115,-2,100,0.0
809,115,100,100,0.0
810,115,-1,8493,0.0
811,115,8493,8493,0.0
812,116,100,6493,0.0
813,116,6493,6493,0.0
814,116,-2,6493,0.0
815,116,-2,100,0.0
816,116,100,100,0.0
817,116,-1,8493,0.0
818,116,8493,8493,0.0
819,117,100,6493,0.0
820,117,6493,6493,0.0
821,117,-2,6493,0.0
822,117,-2,100,0.0
823,117,100,100,0.0
824,117,-1,8493,0.0
825,117,8493,8493,0.0
826,118,100,6493,0.0
827,118,6493,6493,0.0
828,118,-2,6493,0.0
829,118,-2,100,0.0
830,118,100,100,0.0
831,118,-1,8493,0.0
832,118,8493,8493,0.0
833,119,100,6493,0.0
834,119,6493,6493,0.0
835,119,-2,6493,0.0
836,119,-2,100,0.0
837,119,100,100,0.0
838,119,-1,8493,0.0
839,119,8493,8493,0.0
840,120,100,6493,0.0
841,120,6493,6493,0.0
842,120,-2,6493,0.0
843,120,-2,100,0.0
844,120,100,100,0.0
845,120,-1,8493,0.0
846,120,8493,8493,0.0
847,121,100,6493,0.0
848,121,6493,6493,0.0
849,121,-2,6493,0.0
850,121,-2,100,0.0
851,121,100,100,0.0
852,121,-1,8493,0.0
853,121,8493,8493,0.0
854,122,100,6493,0.0
855,122,6493,6493,0.0
856,122,-2,6493,0.0
857,122,-2,100,0.0
858,122,100,100,0.0
859,122,-1,8493,0.0
860,122,8493,8493,0.0
861,123,100,6493,0.0
862,123,6493,6493,0.0
863,123,-2,6493,0.0
864,123,-2,100,0.0
865,123,100,100,0.0
866,123,-1,8493,0.0
867,123,8493,8493,0.0
868,124,100,6493,0.0
869,124,6493,6493,0.0
870,124,-2,6493,0.0
871,124,-2,100,0.0
872,124,100,100,0.0
873,124,-1,8493,0.0
874,124,8493,8493,0.0
875,125,100,6493,0.0
876,125,6493,6493,0.0
877,125,-2,6493,0.0
878,125,-2,100,0.0
879,125,100,100,0.0
880,125,-1,8493,0.0
881,125,8493,8493,0.0
882,126,100,6493,0.0
883,126,6493,6493,0.0
884,126,-2,6493,0.0
885,126,-2,100,0.0
886,126,100,100,0.0
887,126,-1,8493,0.0
888,126,8493,8493,0.0
889,127,100,6493,0.0
890,127,6493,6493,0.0
891,127,-2,6493,0.0
892,127,-2,100,0.0
893,127,100,100,0.0
894,127,-1,8493,0.0
895,127,8493,8493,0.0
896,128,100,6493,0.0
897,128,6493,6493,0.0
898,128,-2,6493,0.0
899,128,-2,100,0.0
900,128,100,100,0.0
901,128,-1,8493,0.0
902,128,8493,8493,0.0
903,129,100,6493,0.0
904,129,6493,6493,0.0
905,129,-2,6493,0.0
906,129,-2,100,0.0
907,129,100,100,0.0
908,129,-1,8493,0.0
909,129,8493,8493,0.0
910,130,100,6493,0.0
911,130,6493,6493,0.0
912,130,-2,6493,0.0
913,130,-2,100,0.0
914,130,100,100,0.0
915,130,-1,8493,0.0
916,130,8493,8493,0.0
917,131,100,6493,0.0
918,131,6493,6493,0.0
919,131,-2,6493,0.0
920,131,-2,100,0.0
921,131,100,100,0.0
922,131,-1,8493,0.0
923,131,8493,8493,0.0
924,132,100,6493,0.0
925,132,6493,6493,0.0
926,132,-2,6493,0.0
927,132,-2,100,0.0
928,132,100,100,0.0
929,132,-1,8493,0.0
930,132,8493,8493,0.0
931,133,100,6493,0.0
932,133,6493,6493,0.0
933,133,-2,6493,0.0
934,133,-2,100,0.0
935,133,100,100,0.0
936,133,-1,8493,0.0
937,133,8493,8493,0.0
938,134,100,6493,0.0
939,134,6493,6493,0.0
940,134,-2,6493,0.0
941,134,-2,100,0.0
942,134,100,100,0.0
943,134,-1,8493,0.0
944,134,8493,8493,0.0
945,135,100,6493,0.0
946,135,6493,6493,0.0
947,135,-2,6493,0.0
948,135,-2,100,0.0
949,135,100,100,0.0
950,135,-1,8493,0.0
951,135,8493,8493,0.0
952,136,100,6493,0.0
953,136,6493,6493,0.0
954,136,-2,6493,0.0
955,136,-2,100,0.0
956,136,100,100,0.0
957,136,-1,8493,0.0
958,136,8493,8493,0.0
959,137,100,6493,0.0
960,137,6493,6493,0.0
961,137,-2,6493,0.0
962,137,-2,100,0.0
963,137,100,100,0.0
964,137,-1,8493,0.0
965,137,8493,8493,0.0
966,138,100,6493,0.0
967,138,6493,6493,0.0
968,138,-2,6493,0.0
969,138,-2,100,0.0
970,138,100,100,0.0
971,138,-1,8493,0.0
972,138,8493,8493,0.0
973,139,100,6493,0.0
974,139,6493,6493,0.0
975,139,-2,6493,0.0
976,139,-2,100,0.0
977,139,100,100,0.0
978,139,-1,8493,0.0
979,139,8493,8493,0.0
980,140,100,6493,0.0
981,140,6493,6493,0.0
982,140,-2,6493,0.0
983,140,-2,100,0.0
984,140,100,100,0.0
985,140,-1,8493,0.0
986,140,8493,8493,0.0
987,141,100,6493,0.0
988,141,6493,6493,0.0
989,141,-2,6493,0.0
990,141,-2,100,0.0
991,141,100,100,0.0
992,141,-1,8493,0.0
993,141,8493,8493,0.0
994,142,100,6493,0.0
995,142,6493,6493,0.0
996,142,-2,6493,0.0
997,142,-2,100,0.0
998,142,100,100,0.0
999,142,-1,8493,0.0
1000,142,8493,8493,0.0
1001,143,100,6493,0.0
1002,143,6493,6493,0.0
1003,143,-2,6493,0.0
1004,143,-2,100,0.0
1005,143,100,100,0.0
1006,143,-1,8493,0.0
1007,143,8493,8493,0.0
1008,144,100,6493,0.0
1009,144,6493,6493,0.0
1010,144,-2,6493,0.0
1011,144,-2,100,0.0
1012,144,100,100,0.0
1013,144,-1,8493,0.0
1014,144,8493,8493,0.0
1015,145,100,6493,0.0
1016,145,6493,6493,0.0
1017,145,-2,6493,0.0
1018,145,-2,100,0.0
1019,145,100,100,0.0
1020,145,-1,8493,0.0
1021,145,8493,8493,0.0
1022,146,100,6493,0.0
1023,146,6493,6493,0.0
1024,146,-2,6493,0.0
1025,146,-2,100,0.0
1026,146,100,100,0.0
1027,146,-1,8493,0.0
1028,146,8493,8493,0.0
1029,147,100,6493,0.0
1030,147,6493,6493,0.0
1031,147,-2,6493,0.0
1032,147,-2,100,0.0
1033,147,100,100,0.0
1034,147,-1,8493,0.0
1035,147,8493,8493,0.0
1036,148,100,6493,0.0
1037,148,6493,6493,0.0
1038,148,-2,6493,0.0
1039,148,-2,100,0.0
1040,148,100,100,0.0
1041,148,-1,8493,0.0
1042,148,8493,8493,0.0
1043,149,100,6493,0.0
1044,149,6493,6493,0.0
1045,149,-2,6493,0.0
1046,149,-2,100,0.0
1047,149,100,100,0.0
1048,149,-1,8493,0.0
1049,149,8493,8493,0.0
1050,150,100,6493,0.0
1051,150,6493,6493,0.0
1052,150,-2,6493,0.0
1053,150,-2,100,0.0
1054,150,100,100,0.0
1055,150,-1,8493,0.0
1056,150,8493,8493,0.0
1057,151,100,6493,0.0
1058,151,6493,6493,0.0
1059,151,-2,6493,0.0
1060,151,-2,100,0.0
1061,151,100,100,0.0
1062,151,-1,8493,0.0
1063,151,8493,8493,0.0
1064,152,100,6493,0.0
1065,152,6493,6493,0.0
1066,152,-2,6493,0.0
1067,152,-2,100,0.0
1068,152,100,100,0.0
1069,152,-1,8493,0.0
1070,152,8493,8493,0.0
1071,153,100,6493,0.0
1072,153,6493,6493,0.0
1073,153,-2,6493,0.0
1074,153,-2,100,0.0
1075,153,100,100,0.0
1076,153,-1,8493,0.0
1077,153,8493,8493,0.0
1078,154,100,6493,0.0
1079,154,6493,6493,0.0
1080,154,-2,6493,0.0
1081,154,-2,100,0.0
1082,154,100,100,0.0
1083,154,-1,8493,0.0
1084,154,8493,8493,0.0
1085,155,100,6493,0.0
1086,155,6493,6493,0.0
1087,155,-2,6493,0.0
1088,155,-2,100,0.0
1089,155,100,100,0.0
1090,155,-1,8493,0.0
1091,155,8493,8493,0.0
1092,156,100,6493,0.0
1093,156,6493,6493,0.0
1094,156,-2,6493,0.0
1095,156,-2,100,0.0
1096,156,100,100,0.0
1097,156,-1,8493,0.0
1098,156,8493,8493,0.0
1099,157,100,6493,0.0
1100,157,6493,6493,0.0
1101,157,-2,6493,0.0
1102,157,-2,100,0.0
1103,157,100,100,0.0
1104,157,-1,8493,0.0
1105,157,8493,8493,0.0
1106,158,100,6493,0.0
1107,158,6493,6493,0.0
1108,158,-2,6493,0.0
1109,158,-2,100,0.0
1110,158,100,100,0.0
1111,158,-1,8493,0.0
1112,158,8493,8493,0.0
1113,159,100,6493,0.0
1114,159,6493,6493,0.0
1115,159,-2,6493,0.0
1116,159,-2,100,0.0
1117,159,100,100,0.0
1118,159,-1,8493,0.0
1119,159,8493,8493,0.0
1120,160,100,6493,0.0
1121,160,6493,6493,0.0
1122,160,-2,6493,0.0
1123,160,-2,100,0.0
1124,160,100,100,0.0
1125,160,-1,8493,0.0
1126,160,8493,8493,0.0
1127,161,100,6493,0.0
1128,161,6493,6493,0.0
1129,161,-2,6493,0.0
1130,161,-2,100,0.0
1131,161,100,100,0.0
1132,161,-1,8493,0.0
1133,161,8493,8493,0.0
1134,162,100,6493,0.0
1135,162,6493,6493,0.0
1136,162,-2,6493,0.0
1137,162,-2,100,0.0
1138,162,100,100,0.0
1139,162,-1,8493,0.0
1140,162,8493,8493,0.0
1141,163,100,6493,0.0
1142,163,6493,6493,0.0
1143,163,-2,6493,0.0
1144,163,-2,100,0.0
1145,163,100,100,0.0
1146,163,-1,8493,0.0
1147,163,8493,8493,0.0
1148,164,100,6493,0.0
1149,164,6493,6493,0.0
1150,164,-2,6493,0.0
1151,164,-2,100,0.0
1152,164,100,100,0.0
1153,164,-1,8493,0.0
1154,164,8493,8493,0.0
1155,165,100,6493,0.0
1156,165,6493,6493,0.0
1157,165,-2,6493,0.0
1158,165,-2,100,0.0
1159,165,100,100,0.0
1160,165,-1,8493,0.0
1161,165,8493,8493,0.0
1162,166,100,6493,0.0
1163,166,6493,6493,0.0
1164,166,-2,6493,0.0
1165,166,-2,100,0.0
1166,166,100,100,0.0
1167,166,-1,8493,0.0
1168,166,8493,8493,0.0
1169,167,100,6493,0.0
1170,167,6493,6493,0.0
1171,167,-2,6493,0.0
1172,167,-2,100,0.0
1173,167,100,100,0.0
1174,167,-1,8493,0.0
1175,167,8493,8493,0.0
1176,168,100,6493,0.0
1177,168,6493,6493,0.0
1178,168,-2,6493,0.0
1179,168,-2,100,0.0
1180,168,100,100,0.0
1181,168,-1,8493,0.0
1182,168,8493,8493,0.0
1183,169,100,6493,0.0
1184,169,6493,6493,0.0
1185,169,-2,6493,0.0
1186,169,-2,100,0.0
1187,169,100,100,0.0
1188,169,-1,8493,0.0
1189,169,8493,8493,0.0
1190,170,100,6493,0.0
1191,170,6493,6493,0.0
1192,170,-2,6493,0.0
1193,170,-2,100,0.0
1194,170,100,100,0.0
1195,170,-1,8493,0.0
1196,170,8493,8493,0.0
1197,171,100,6493,0.0
1198,171,6493,6493,0.0
1199,171,-2,6493,0.0
1200,171,-2,100,0.0
1201,171,100,100,0.0
1202,171,-1,8493,0.0
1203,171,8493,8493,0.0
1204,172,100,6493,0.0
1205,172,6493,6493,0.0
1206,172,-2,6493,0.0
1207,172,-2,100,0.0
1208,172,100,100,0.0
1209,172,-1,8493,0.0
1210,172,8493,8493,0.0
1211,173,100,6493,0.0
1212,173,6493,6493,0.0
1213,173,-2,6493,0.0
1214,173,-2,100,0.0
1215,173,100,100,0.0
1216,173,-1,8493,0.0
1217,173,8493,8493,0.0
1218,174,100,6493,0.0
1219,174,6493,6493,0.0
1220,174,-2,6493,0.0
1221,174,-2,100,0.0
1222,174,100,100,0.0
1223,174,-1,8493,0.0
1224,174,8493,8493,0.0
1225,175,100,6493,0.0
1226,175,6493,6493,0.0
1227,175,-2,6493,0.0
1228,175,-2,100,0.0
1229,175,100,100,0.0
1230,175,-1,8493,0.0
1231,175,8493,8493,0.0
1232,176,100,6493,0.0
1233,176,6493,6493,0.0
1234,176,-2,6493,0.0
1235,176,-2,100,0.0
1236,176,100,100,0.0
1237,176,-1,8493,0.0
1238,176,8493,8493,0.0
1239,177,100,6493,0.0
1240,177,6493,6493,0.0
1241,177,-2,6493,0.0
1242,177,-2,100,0.0
1243,177,100,100,0.0
1244,177,-1,8493,0.0
1245,177,8493,8493,0.0
1246,178,100,6493,0.0
1247,178,6493,6493,0.0
1248,178,-2,6493,0.0
1249,178,-2,100,0.0
1250,178,100,100,0.0
1251,178,-1,8493,0.0
1252,178,8493,8493,0.0
1253,179,100,6493,0.0
1254,179,6493,6493,0.0
1255,179,-2,6493,0.0
1256,179,-2,100,0.0
1257,179,100,100,0.0
1258,179,-1,8493,0.0
1259,179,8493,8493,0.0
1260,180,100,6493,0.0
1261,180,6493,6493,0.0
1262,180,-2,6493,0.0
1263,180,-2,100,0.0
1264,180,100,100,0.0
1265,180,-1,8493,0.0
1266,180,8493,8493,0.0
1267,181,100,6493,0.0
1268,181,6493,6493,0.0
1269,181,-2,6493,0.0
1270,181,-2,100,0.0
1271,181,100,100,0.0
1272,181,-1,8493,0.0
1273,181,8493,8493,0.0
1274,182,100,6493,0.0
1275,182,6493,6493,0.0
1276,182,-2,6493,0.0
1277,182,-2,100,0.0
1278,182,100,100,0.0
1279,182,-1,8493,0.0
1280,182,8493,8493,0.0
1281,183,100,6493,0.0
1282,183,6493,6493,0.0
1283,183,-2,6493,0.0
1284,183,-2,100,0.0
1285,183,100,100,0.0
1286,183,-1,8493,0.0
1287,183,8493,8493,0.0
1288,184,100,6493,0.0
1289,184,6493,6493,0.0
1290,184,-2,6493,0.0
1291,184,-2,100,0.0
1292,184,100,100,0.0
1293,184,-1,8493,0.0
1294,184,8493,8493,0.0
1295,185,100,6493,0.0
1296,185,6493,6493,0.0
1297,185,-2,6493,0.0
1298,185,-2,100,0.0
1299,185,100,100,0.0
1300,185,-1,8493,0.0
1301,185,8493,8493,0.0
1302,186,100,6493,0.0
1303,186,6493,6493,0.0
1304,186,-2,6493,0.0
1305,186,-2,100,0.0
1306,186,100,100,0.0
1307,186,-1,8493,0.0
1308,186,8493,8493,0.0
1309,187,100,6493,0.0
1310,187,6493,6493,0.0
1311,187,-2,6493,0.0
1312,187,-2,100,0.0
1313,187,100,100,0.0
1314,187,-1,8493,0.0
1315,187,8493,8493,0.0
1316,188,100,6493,0.0
1317,188,6493,6493,0.0
1318,188,-2,6493,0.0
1319,188,-2,100,0.0
1320,188,100,100,0.0
1321,188,-1,8493,0.0
1322,188,8493,8493,0.0
1323,189,100,6493,0.0
1324,189,6493,6493,0.0
1325,189,-2,6493,0.0
1326,189,-2,100,0.0
1327,189,100,100,0.0
1328,189,-1,8493,0.0
1329,189,8493,8493,0.0
1330,190,100,6493,0.0
1331,190,6493,6493,0.0
1332,190,-2,6493,0.0
1333,190,-2,100,0.0
1334,190,100,100,0.0
1335,190,-1,8493,0.0
1336,190,8493,8493,0.0
1337,191,100,6493,0.0
1338,191,6493,6493,0.0
1339,191,-2,6493,0.0
1340,191,-2,100,0.0
1341,191,100,100,0.0
1342,191,-1,8493,0.0
1343,191,8493,8493,0.0
1344,192,100,6493,0.0
1345,192,6493,6493,0.0
1346,192,-2,6493,0.0
1347,192,-2,100,0.0
1348,192,100,100,0.0
1349,192,-1,8493,0.0
1350,192,8493,8493,0.0
1351,193,100,6493,0.0
1352,193,6493,6493,0.0
1353,193,-2,6493,0.0
1354,193,-2,100,0.0
1355,193,100,100,0.0
1356,193,-1,8493,0.0
1357,193,8493,8493,0.0
1358,194,100,6493,0.0
1359,194,6493,6493,0.0
1360,194,-2,6493,0.0
1361,194,-2,100,0.0
1362,194,100,100,0.0
1363,194,-1,8493,0.0
1364,194,8493,8493,0.0
1365,195,100,6493,0.0
1366,195,6493,6493,0.0
1367,195,-2,6493,0.0
1368,195,-2,100,0.0
1369,195,100,100,0.0
1370,195,-1,8493,0.0
1371,195,8493,8493,0.0
1372,196,100,6493,0.0
1373,196,6493,6493,0.0
1374,196,-2,6493,0.0
1375,196,-2,100,0.0
1376,196,100,100,0.0
1377,196,-1,8493,0.0
1378,196,8493,8493,0.0
1379,197,100,6493,0.0
1380,197,6493,6493,0.0
1381,197,-2,6493,0.0
1382,197,-2,100,0.0
1383,197,100,100,0.0
1384,197,-1,8493,0.0
1385,197,8493,8493,0.0
1386,198,100,6493,0.0
1387,198,6493,6493,0.0
1388,198,-2,6493,0.0
1389,198,-2,100,0.0
1390,198,100,100,0.0
1391,198,-1,8493,0.0
1392,198,8493,8493,0.0
1393,199,100,6493,0.0
1394,199,6493,6493,0.0
1395,199,-2,6493,0.0
1396,199,-2,100,0.0
1397,199,100,100,0.0
1398,199,-1,8493,0.0
1399,199,8493,8493,0.0
1400,200,100,6493,0.0
1401,200,6493,6493,0.0
1402,200,-2,6493,0.0
1403,200,-2,100,0.0
1404,200,100,100,0.0
1405,200,-1,8493,0.0
1406,200,8493,8493,0.0
1407,201,100,6493,0.0
1408,201,6493,6493,0.0
1409,201,-2,6493,0.0
1410,201,-2,100,0.0
1411,201,100,100,0.0
1412,201,-1,8493,0.0
1413,201,8493,8493,0.0
1414,202,100,6493,0.0
1415,202,6493,6493,0.0
1416,202,-2,6493,0.0
1417,202,-2,100,0.0
1418,202,100,100,0.0
1419,202,-1,8493,0.0
1420,202,8493,8493,0.0
1421,203,100,6493,0.0
1422,203,6493,6493,0.0
1423,203,-2,6493,0.0
1424,203,-2,100,0.0
1425,203,100,100,0.0
1426,203,-1,8493,0.0
1427,203,8493,8493,0.0
1428,204,100,6493,0.0
1429,204,6493,6493,0.0
1430,204,-2,6493,0.0
1431,204,-2,100,0.0
1432,204,100,100,0.0
1433,204,-1,8493,0.0
1434,204,8493,8493,0.0
1435,205,100,6493,0.0
1436,205,6493,6493,0.0
1437,205,-2,6493,0.0
1438,205,-2,100,0.0
1439,205,100,100,0.0
1440,205,-1,8493,0.0
1441,205,8493,8493,0.0
1442,206,100,6493,0.0
1443,206,6493,6493,0.0
1444,206,-2,6493,0.0
1445,206,-2,100,0.0
1446,206,100,100,0.0
1447,206,-1,8493,0.0
1448,206,8493,8493,0.0
1449,207,100,6493,0.0
1450,207,6493,6493,0.0
1451,207,-2,6493,0.0
1452,207,-2,100,0.0
1453,207,100,100,0.0
1454,207,-1,8493,0.0
1455,207,8493,8493,0.0
1456,208,100,6493,0.0
1457,208,6493,6493,0.0
1458,208,-2,6493,0.0
1459,208,-2,100,0.0
1460,208,100,100,0.0
1461,208,-1,8493,0.0
1462,208,8493,8493,0.0
1463,209,100,6493,0.0
1464,209,6493,6493,0.0
1465,209,-2,6493,0.0
1466,209,-2,100,0.0
1467,209,100,100,0.0
1468,209,-1,8493,0.0
1469,209,8493,8493,0.0
1470,210,100,6493,0.0
1471,210,6493,6493,0.0
1472,210,-2,6493,0.0
1473,210,-2,100,0.0
1474,210,100,100,0.0
1475,210,-1,8493,0.0
1476,210,8493,8493,0.0
1477,211,100,6493,0.0
1478,211,6493,6493,0.0
1479,211,-2,6493,0.0
1480,211,-2,100,0.0
1481,211,100,100,0.0
1482,211,-1,8493,0.0
1483,211,8493,8493,0.0
1484,212,100,6493,0.0
1485,212,6493,6493,0.0
1486,212,-2,6493,0.0
1487,212,-2,100,0.0
1488,212,100,100,0.0
1489,212,-1,8493,0.0
1490,212,8493,8493,0.0
1491,213,100,6493,0.0
1492,213,6493,6493,0.0
1493,213,-2,6493,0.0
1494,213,-2,100,0.0
1495,213,100,100,0.0
1496,213,-1,8493,0.0
1497,213,8493,8493,0.0
1498,214,100,6493,0.0
1499,214,6493,6493,0.0
1500,214,-2,6493,0.0
1501,214,-2,100,0.0
1502,214,100,100,0.0
1503,214,-1,8493,0.0
1504,214,8493,8493,0.0
1505,215,100,6493,0.0
1506,215,6493,6493,0.0
1507,215,-2,6493,0.0
1508,215,-2,100,0.0
1509,215,100,100,0.0
1510,215,-1,8493,0.0
1511,215,8493,8493,0.0
1512,216,100,6493,0.0
1513,216,6493,6493,0.0
1514,216,-2,6493,0.0
1515,216,-2,100,0.0
1516,216,100,100,0.0
1517,216,-1,8493,0.0
1518,216,8493,8493,0.0
1519,217,100,6493,0.0
1520,217,6493,6493,0.0
1521,217,-2,6493,0.0
1522,217,-2,100,0.0
1523,217,100,100,0.0
1524,217,-1,8493,0.0
1525,217,8493,8493,0.0
1526,218,100,6493,0.0
1527,218,6493,6493,0.0
1528,218,-2,6493,0.0
1529,218,-2,100,0.0
1530,218,100,100,0.0
1531,218,-1,8493,0.0
1532,218,8493,8493,0.0
1533,219,100,6493,0.0
1534,219,6493,6493,0.0
1535,219,-2,6493,0.0
1536,219,-2,100,0.0
1537,219,100,100,0.0
1538,219,-1,8493,0.0
1539,219,8493,8493,0.0
1540,220,100,6493,0.0
1541,220,6493,6493,0.0
1542,220,-2,6493,0.0
1543,220,-2,100,0.0
1544,220,100,100,0.0
1545,220,-1,8493,0.0
1546,220,8493,8493,0.0
1547,221,100,6493,0.0
1548,221,6493,6493,0.0
1549,221,-2,6493,0.0
1550,221,-2,100,0.0
1551,221,100,100,0.0
1552,221,-1,8493,0.0
1553,221,8493,8493,0.0
1554,222,100,6493,0.0
1555,222,6493,6493,0.0
1556,222,-2,6493,0.0
1557,222,-2,100,0.0
1558,222,100,100,0.0
1559,222,-1,8493,0.0
1560,222,8493,8493,0.0
1561,223,100,6493,0.0
1562,223,6493,6493,0.0
1563,223,-2,6493,0.0
1564,223,-2,100,0.0
1565,223,100,100,0.0
1566,223,-1,8493,0.0
1567,223,8493,8493,0.0
1568,224,100,6493,0.0
1569,224,6493,6493,0.0
1570,224,-2,6493,0.0
1571,224,-2,100,0.0
1572,224,100,100,0.0
1573,224,-1,8493,0.0
1574,224,8493,8493,0.0
1575,225,100,6493,0.0
1576,225,6493,6493,0.0
1577,225,-2,6493,0.0
1578,225,-2,100,0.0
1579,225,100,100,0.0
1580,225,-1,8493,0.0
1581,225,8493,8493,0.0
1582,226,100,6493,0.0
1583,226,6493,6493,0.0
1584,226,-2,6493,0.0
1585,226,-2,100,0.0
1586,226,100,100,0.0
1587,226,-1,8493,0.0
1588,226,8493,8493,0.0
1589,227,100,6493,0.0
1590,227,6493,6493,0.0
1591,227,-2,6493,0.0
1592,227,-2,100,0.0
1593,227,100,100,0.0
1594,227,-1,8493,0.0
1595,227,8493,8493,0.0
1596,228,100,6493,0.0
1597,228,6493,6493,0.0
1598,228,-2,6493,0.0
1599,228,-2,100,0.0
1600,228,100,100,0.0
1601,228,-1,8493,0.0
1602,228,8493,8493,0.0
1603,229,100,6493,0.0
1604,229,6493,6493,0.0
1605,229,-2,6493,0.0
1606,229,-2,100,0.0
1607,229,100,100,0.0
1608,229,-1,8493,0.0
1609,229,8493,8493,0.0
1610,230,100,6493,0.0
1611,230,6493,6493,0.0
1612,230,-2,6493,0.0
1613,230,-2,100,0.0
1614,230,100,100,0.0
1615,230,-1,8493,0.0
1616,230,8493,8493,0.0
1617,231,100,6493,0.0
1618,231,6493,6493,0.0
1619,231,-2,6493,0.0
1620,231,-2,100,0.0
1621,231,100,100,0.0
1622,231,-1,8493,0.0
1623,231,8493,8493,0.0
1624,232,100,6493,0.0
1625,232,6493,6493,0.0
1626,232,-2,6493,0.0
1627,232,-2,100,0.0
1628,232,100,100,0.0
1629,232,-1,8493,0.0
1630,232,8493,8493,0.0
1631,233,100,6493,0.0
1632,233,6493,6493,0.0
1633,233,-2,6493,0.0
1634,233,-2,100,0.0
1635,233,100,100,0.0
1636,233,-1,8493,0.0
1637,233,8493,8493,0.0
1638,234,100,6493,0.0
1639,234,6493,6493,0.0
1640,234,-2,6493,0.0
1641,234,-2,100,0.0
1642,234,100,100,0.0
1643,234,-1,8493,0.0
1644,234,8493,8493,0.0
1645,235,100,6493,0.0
1646,235,6493,6493,0.0
1647,235,-2,6493,0.0
1648,235,-2,100,0.0
1649,235,100,100,0.0
1650,235,-1,8493,0.0
1651,235,8493,8493,0.0
1652,236,100,6493,0.0
1653,236,6493,6493,0.0
1654,236,-2,6493,0.0
1655,236,-2,100,0.0
1656,236,100,100,0.0
1657,236,-1,8493,0.0
1658,236,8493,8493,0.0
1659,237,100,6493,0.0
1660,237,6493,6493,0.0
1661,237,-2,6493,0.0
1662,237,-2,100,0.0
1663,237,100,100,0.0
1664,237,-1,8493,0.0
1665,237,8493,8493,0.0
1666,238,100,6493,0.0
1667,238,6493,6493,0.0
1668,238,-2,6493,0.0
1669,238,-2,100,0.0
1670,238,100,100,0.0
1671,238,-1,8493,0.0
1672,238,8493,8493,0.0
1673,239,100,6493,0.0
1674,239,6493,6493,0.0
1675,239,-2,6493,0.0
1676,239,-2,100,0.0
1677,239,100,100,0.0
1678,239,-1,8493,0.0
1679,239,8493,8493,0.0
1680,240,100,6493,0.0
1681,240,6493,6493,0.0
1682,240,-2,6493,0.0
1683,240,-2,100,0.0
1684,240,100,100,0.0
1685,240,-1,8493,0.0
1686,240,8493,8493,0.0
1687,241,100,6493,0.0
1688,241,6493,6493,0.0
1689,241,-2,6493,0.0
1690,241,-2,100,0.0
1691,241,100,100,0.0
1692,241,-1,8493,0.0
1693,241,8493,8493,0.0
1694,242,100,6493,0.0
1695,242,6493,6493,0.0
1696,242,-2,6493,0.0
1697,242,-2,100,0.0
1698,242,100,100,0.0
1699,242,-1,8493,0.0
1700,242,8493,8493,0.0
1701,243,100,6493,0.0
1702,243,6493,6493,0.0
1703,243,-2,6493,0.0
1704,243,-2,100,0.0
1705,243,100,100,0.0
1706,243,-1,8493,0.0
1707,243,8493,8493,0.0
1708,244,100,6493,0.0
1709,244,6493,6493,0.0
1710,244,-2,6493,0.0
1711,244,-2,100,0.0
1712,244,100,100,0.0
1713,244,-1,8493,0.0
1714,244,8493,8493,0.0
1715,245,100,6493,0.0
1716,245,6493,6493,0.0
1717,245,-2,6493,0.0
1718,245,-2,100,0.0
1719,245,100,100,0.0
1720,245,-1,8493,0.0
1721,245,8493,8493,0.0
1722,246,100,6493,0.0
1723,246,6493,6493,0.0
1724,246,-2,6493,0.0
1725,246,-2,100,0.0
1726,246,100,100,0.0
1727,246,-1,8493,0.0
1728,246,8493,8493,0.0
1729,247,100,6493,0.0
1730,247,6493,6493,0.0
1731,247,-2,6493,0.0
1732,247,-2,100,0.0
1733,247,100,100,0.0
1734,247,-1,8493,0.0
1735,247,8493,8493,0.0
1736,248,100,6493,0.0
1737,248,6493,6493,0.0
1738,248,-2,6493,0.0
1739,248,-2,100,0.0
1740,248,100,100,0.0
1741,248,-1,8493,0.0
1742,248,8493,8493,0.0
1743,249,100,6493,0.0
1744,249,6493,6493,0.0
1745,249,-2,6493,0.0
1746,249,-2,100,0.0
1747,249,100,100,0.0
1748,249,-1,8493,0.0
1749,249,8493,8493,0.0
1750,250,100,6493,0.0
1751,250,6493,6493,0.0
1752,250,-2,6493,0.0
1753,250,-2,100,0.0
1754,250,100,100,0.0
1755,250,-1,8493,0.0
1756,250,8493,8493,0.0
1757,251,100,6493,0.0
1758,251,6493,6493,0.0
1759,251,-2,6493,0.0
1760,251,-2,100,0.0
1761,251,100,100,0.0
1762,251,-1,8493,0.0
1763,251,8493,8493,0.0
1764,252,100,6493,0.0
1765,252,6493,6493,0.0
1766,252,-2,6493,0.0
1767,252,-2,100,0.0
1768,252,100,100,0.0
1769,252,-1,8493,0.0
1770,252,8493,8493,0.0
1771,253,100,6493,0.0
1772,253,6493,6493,0.0
1773,253,-2,6493,0.0
1774,253,-2,100,0.0
1775,253,100,100,0.0
1776,253,-1,8493,0.0
1777,253,8493,8493,0.0
1778,254,100,6493,0.0
1779,254,6493,6493,0.0
1780,254,-2,6493,0.0
1781,254,-2,100,0.0
1782,254,100,100,0.0
1783,254,-1,8493,0.0
1784,254,8493,8493,0.0
1785,255,100,6493,0.0
1786,255,6493,6493,0.0
1787,255,-2,6493,0.0
1788,255,-2,100,0.0
1789,255,100,100,0.0
1790,255,-1,8493,0.0
1791,255,8493,8493,0.0
1792,256,100,6493,0.0
1793,256,6493,6493,0.0
1794,256,-2,6493,0.0
1795,256,-2,100,0.0
1796,256,100,100,0.0
1797,256,-1,8493,0.0
1798,256,8493,8493,0.0
1799,257,100,6493,0.0
1800,257,6493,6493,0.0
1801,257,-2,6493,0.0
1802,257,-2,100,0.0
1803,257,100,100,0.0
1804,257,-1,8493,0.0
1805,257,8493,8493,0.0
1806,258,100,6493,0.0
1807,258,6493,6493,0.0
1808,258,-2,6493,0.0
1809,258,-2,100,0.0
1810,258,100,100,0.0
1811,258,-1,8493,0.0
1812,258,8493,8493,0.0
1813,259,100,6493,0.0
1814,259,6493,6493,0.0
1815,259,-2,6493,0.0
1816,259,-2,100,0.0
1817,259,100,100,0.0
1818,259,-1,8493,0.0
1819,259,8493,8493,0.0
1820,260,100,6493,0.0
1821,260,6493,6493,0.0
1822,260,-2,6493,0.0
1823,260,-2,100,0.0
1824,260,100,100,0.0
1825,260,-1,8493,0.0
1826,260,8493,8493,0.0
1827,261,100,6493,0.0
1828,261,6493,6493,0.0
1829,261,-2,6493,0.0
1830,261,-2,100,0.0
1831,261,100,100,0.0
1832,261,-1,8493,0.0
1833,261,8493,8493,0.0
1834,262,100,6493,0.0
1835,262,6493,6493,0.0
1836,262,-2,6493,0.0
1837,262,-2,100,0.0
1838,262,100,100,0.0
1839,262,-1,8493,0.0
1840,262,8493,8493,0.0
1841,263,100,6493,0.0
1842,263,6493,6493,0.0
1843,263,-2,6493,0.0
1844,263,-2,100,0.0
1845,263,100,100,0.0
1846,263,-1,8493,0.0
1847,263,8493,8493,0.0
1848,264,100,6493,0.0
1849,264,6493,6493,0.0
1850,264,-2,6493,0.0
1851,264,-2,100,0.0
1852,264,100,100,0.0
1853,264,-1,8493,0.0
1854,264,8493,8493,0.0
1855,265,100,6493,0.0
1856,265,6493,6493,0.0
1857,265,-2,6493,0.0
1858,265,-2,100,0.0
1859,265,100,100,0.0
1860,265,-1,8493,0.0
1861,265,8493,8493,0.0
1862,266,100,6493,0.0
1863,266,6493,6493,0.0
1864,266,-2,6493,0.0
1865,266,-2,100,0.0
1866,266,100,100,0.0
1867,266,-1,8493,0.0
1868,266,8493,8493,0.0
1869,267,100,6493,0.0
1870,267,6493,6493,0.0
1871,267,-2,6493,0.0
1872,267,-2,100,0.0
1873,267,100,100,0.0
1874,267,-1,8493,0.0
1875,267,8493,8493,0.0
1876,268,100,6493,0.0
1877,268,6493,6493,0.0
1878,268,-2,6493,0.0
1879,268,-2,100,0.0
1880,268,100,100,0.0
1881,268,-1,8493,0.0
1882,268,8493,8493,0.0
1883,269,100,6493,0.0
1884,269,6493,6493,0.0
1885,269,-2,6493,0.0
1886,269,-2,100,0.0
1887,269,100,100,0.0
1888,269,-1,8493,0.0
1889,269,8493,8493,0.0
1890,270,100,6493,0.0
1891,270,6493,6493,0.0
1892,270,-2,6493,0.0
1893,270,-2,100,0.0
1894,270,100,100,0.0
1895,270,-1,8493,0.0
1896,270,8493,8493,0.0
1897,271,100,6493,0.0
1898,271,6493,6493,0.0
1899,271,-2,6493,0.0
1900,271,-2,100,0.0
1901,271,100,100,0.0
1902,271,-1,8493,0.0
1903,271,8493,8493,0.0
1904,272,100,6493,0.0
1905,272,6493,6493,0.0
1906,272,-2,6493,0.0
1907,272,-2,100,0.0
1908,272,100,100,0.0
1909,272,-1,8493,0.0
1910,272,8493,8493,0.0
1911,273,100,6493,0.0
1912,273,6493,6493,0.0
1913,273,-2,6493,0.0
1914,273,-2,100,0.0
1915,273,100,100,0.0
1916,273,-1,8493,0.0
1917,273,8493,8493,0.0
1918,274,100,6493,0.0
1919,274,6493,6493,0.0
1920,274,-2,6493,0.0
1921,274,-2,100,0.0
1922,274,100,100,0.0
1923,274,-1,8493,0.0
1924,274,8493,8493,0.0
1925,275,100,6493,0.0
1926,275,6493,6493,0.0
1927,275,-2,6493,0.0
1928,275,-2,100,0.0
1929,275,100,100,0.0
1930,275,-1,8493,0.0
1931,275,8493,8493,0.0
1932,276,100,6493,0.0
1933,276,6493,6493,0.0
1934,276,-2,6493,0.0
1935,276,-2,100,0.0
1936,276,100,100,0.0
1937,276,-1,8493,0.0
1938,276,8493,8493,0.0
1939,277,100,6493,0.0
1940,277,6493,6493,0.0
1941,277,-2,6493,0.0
1942,277,-2,100,0.0
1943,277,100,100,0.0
1944,277,-1,8493,0.0
1945,277,8493,8493,0.0
1946,278,100,6493,0.0
1947,278,6493,6493,0.0
1948,278,-2,6493,0.0
1949,278,-2,100,0.0
1950,278,100,100,0.0
1951,278,-1,8493,0.0
1952,278,8493,8493,0.0
1953,279,100,6493,0.0
1954,279,6493,6493,0.0
1955,279,-2,6493,0.0
1956,279,-2,100,0.0
1957,279,100,100,0.0
1958,279,-1,8493,0.0
1959,279,8493,8493,0.0
1960,280,100,6493,0.0
1961,280,6493,6493,0.0
1962,280,-2,6493,0.0
1963,280,-2,100,0.0
1964,280,100,100,0.0
1965,280,-1,8493,0.0
1966,280,8493,8493,0.0
1967,281,100,6493,0.0
1968,281,6493,6493,0.0
1969,281,-2,6493,0.0
1970,281,-2,100,0.0
1971,281,100,100,0.0
1972,281,-1,8493,0.0
1973,281,8493,8493,0.0
1974,282,100,6493,0.0
1975,282,6493,6493,0.0
1976,282,-2,6493,0.0
1977,282,-2,100,0.0
1978,282,100,100,0.0
1979,282,-1,8493,0.0
1980,282,8493,8493,0.0
1981,283,100,6493,0.0
1982,283,6493,6493,0.0
1983,283,-2,6493,0.0
1984,283,-2,100,0.0
1985,283,100,100,0.0
1986,283,-1,8493,0.0
1987,283,8493,8493,0.0
1988,284,100,6493,0.0
1989,284,6493,6493,0.0
1990,284,-2,6493,0.0
1991,284,-2,100,0.0
1992,284,100,100,0.0
1993,284,-1,8493,0.0
1994,284,8493,8493,0.0
1995,285,100,6493,0.0
1996,285,6493,6493,0.0
1997,285,-2,6493,0.0
1998,285,-2,100,0.0
1999,285,100,100,0.0
2000,285,-1,8493,0.0
2001,285,8493,8493,0.0
2002,286,100,6493,0.0
2003,286,6493,6493,0.0
2004,286,-2,6493,0.0
2005,286,-2,100,0.0
2006,286,100,100,0.0
2007,286,-1,8493,0.0
2008,286,8493,8493,0.0
2009,287,100,6493,0.0
2010,287,6493,6493,0.0
2011,287,-2,6493,0.0
2012,287,-2,100,0.0
2013,287,100,100,0.0
2014,287,-1,8493,0.0
2015,287,8493,8493,0.0
2016,288,100,6493,0.0
2017,288,6493,6493,0.0
2018,288,-2,6493,0.0
2019,288,-2,100,0.0
2020,288,100,100,0.0
2021,288,-1,8493,0.0
2022,288,8493,8493,0.0
2023,289,100,6493,0.0
2024,289,6493,6493,0.0
2025,289,-2,6493,0.0
2026,289,-2,100,0.0
2027,289,100,100,0.0
2028,289,-1,8493,0.0
2029,289,8493,8493,0.0
2030,290,100,6493,0.0
2031,290,6493,6493,0.0
2032,290,-2,6493,0.0
2033,290,-2,100,0.0
2034,290,100,100,0.0
2035,290,-1,8493,0.0
2036,290,8493,8493,0.0
2037,291,100,6493,0.0
2038,291,6493,6493,0.0
2039,291,-2,6493,0.0
2040,291,-2,100,0.0
2041,291,100,100,0.0
2042,291,-1,8493,0.0
2043,291,8493,8493,0.0
2044,292,100,6493,0.0
2045,292,6493,6493,0.0
2046,292,-2,6493,0.0
2047,292,-2,100,0.0
2048,292,100,100,0.0
2049,292,-1,8493,0.0
2050,292,8493,8493,0.0
2051,293,100,6493,0.0
2052,293,6493,6493,0.0
2053,293,-2,6493,0.0
2054,293,-2,100,0.0
2055,293,100,100,0.0
2056,293,-1,8493,0.0
2057,293,8493,8493,0.0
2058,294,100,6493,0.0
2059,294,6493,6493,0.0
2060,294,-2,6493,0.0
2061,294,-2,100,0.0
2062,294,100,100,0.0
2063,294,-1,8493,0.0
2064,294,8493,8493,0.0
2065,295,100,6493,0.0
2066,295,6493,6493,0.0
2067,295,-2,6493,0.0
2068,295,-2,100,0.0
2069,295,100,100,0.0
2070,295,-1,8493,0.0
2071,295,8493,8493,0.0
2072,296,100,6493,0.0
2073,296,6493,6493,0.0
2074,296,-2,6493,0.0
2075,296,-2,100,0.0
2076,296,100,100,0.0
2077,296,-1,8493,0.0
2078,296,8493,8493,0.0
2079,297,100,6493,0.0
2080,297,6493,6493,0.0
2081,297,-2,6493,0.0
2082,297,-2,100,0.0
2083,297,100,100,0.0
2084,297,-1,8493,0.0
2085,297,8493,8493,0.0
2086,298,100,6493,0.0
2087,298,6493,6493,0.0
2088,298,-2,6493,0.0
2089,298,-2,100,0.0
2090,298,100,100,0.0
2091,298,-1,8493,0.0
2092,298,8493,8493,0.0
2093,299,100,6493,0.0
2094,299,6493,6493,0.0
2095,299,-2,6493,0.0
2096,299,-2,100,0.0
2097,299,100,100,0.0
2098,299,-1,8493,0.0
2099,299,8493,8493,0.0
