Key: 1
Fitness: 0.613871151502939
Nodes:
	0 DefaultNodeGene(key=0, bias=-0.07561652642068548, response=1.0, activation=sigmoid, aggregation=sum)
	1 DefaultNodeGene(key=1, bias=-0.0883452755637892, response=1.0, activation=sigmoid, aggregation=sum)
	2 DefaultNodeGene(key=2, bias=0.6294519715906748, response=1.0, activation=sigmoid, aggregation=sum)
Connections:
	DefaultConnectionGene(key=(-2, 1), weight=-0.0303951008108352, enabled=True)
	DefaultConnectionGene(key=(-2, 2), weight=-0.25696520913969595, enabled=True)
	DefaultConnectionGene(key=(-1, 1), weight=0.0664010665676131, enabled=True)
	DefaultConnectionGene(key=(-1, 2), weight=-0.5394121658012063, enabled=True)
	DefaultConnectionGene(key=(0, 0), weight=0.3126768617441348, enabled=True)
	DefaultConnectionGene(key=(1, 1), weight=-0.2870706051306044, enabled=True)
	DefaultConnectionGene(key=(2, 2), weight=-0.2655134210968169, enabled=True)