Key: 78
Fitness: 0.8766731603301711
Nodes:
	0 DefaultNodeGene(key=0, bias=-0.28740914885112473, response=1.0, activation=sigmoid, aggregation=sum)
	155 DefaultNodeGene(key=155, bias=-0.24551085801220313, response=1.0, activation=sigmoid, aggregation=sum)
	156 DefaultNodeGene(key=156, bias=-1.4151257192322804, response=1.0, activation=sigmoid, aggregation=sum)
Connections:
	DefaultConnectionGene(key=(-2, 0), weight=1.6826900904730937, enabled=True)
	DefaultConnectionGene(key=(-2, 155), weight=0.03570876875648089, enabled=True)
	DefaultConnectionGene(key=(-1, 0), weight=0.04691616444762569, enabled=True)
	DefaultConnectionGene(key=(-1, 155), weight=-0.39826237876993603, enabled=True)
	DefaultConnectionGene(key=(0, 0), weight=-0.3670425565038308, enabled=True)
	DefaultConnectionGene(key=(155, 0), weight=0.004564806061503716, enabled=True)
	DefaultConnectionGene(key=(155, 155), weight=0.2275153026449499, enabled=True)