Key: 25
Fitness: 0.6088890643288505
Nodes:
	0 DefaultNodeGene(key=0, bias=-0.14178012421148906, response=1.0, activation=sigmoid, aggregation=sum)
	49 DefaultNodeGene(key=49, bias=1.3079979243942268, response=1.0, activation=sigmoid, aggregation=sum)
	50 DefaultNodeGene(key=50, bias=1.0279066013355556, response=1.0, activation=sigmoid, aggregation=sum)
Connections:
	DefaultConnectionGene(key=(-2, 49), weight=0.7376446856345117, enabled=True)
	DefaultConnectionGene(key=(-2, 50), weight=-0.8152628835998529, enabled=True)
	DefaultConnectionGene(key=(-1, 49), weight=0.0803192260862929, enabled=True)
	DefaultConnectionGene(key=(-1, 50), weight=-0.09750299823335222, enabled=True)
	DefaultConnectionGene(key=(49, 0), weight=0.2770454592986465, enabled=True)
	DefaultConnectionGene(key=(49, 49), weight=-0.27923714675871086, enabled=True)
	DefaultConnectionGene(key=(50, 50), weight=0.23462109153302388, enabled=True)