Key: 184
Fitness: 0.8560719418888233
Nodes:
	0 DefaultNodeGene(key=0, bias=-1.161985579975821, response=1.0, activation=sigmoid, aggregation=sum)
	367 DefaultNodeGene(key=367, bias=0.420444990249807, response=1.0, activation=sigmoid, aggregation=sum)
	368 DefaultNodeGene(key=368, bias=-0.7603370882585493, response=1.0, activation=sigmoid, aggregation=sum)
Connections:
	DefaultConnectionGene(key=(-2, 367), weight=0.4786491669782088, enabled=True)
	DefaultConnectionGene(key=(-2, 368), weight=-0.47043686583055333, enabled=True)
	DefaultConnectionGene(key=(-1, 367), weight=1.1170503287164886, enabled=True)
	DefaultConnectionGene(key=(-1, 368), weight=0.009478183316267139, enabled=True)
	DefaultConnectionGene(key=(367, 0), weight=-0.8544934245812085, enabled=True)
	DefaultConnectionGene(key=(367, 367), weight=-0.22187648527694323, enabled=True)
	DefaultConnectionGene(key=(368, 0), weight=-0.463600291381242, enabled=True)