Key: 67
Fitness: 0.8572850963644043
Nodes:
	0 DefaultNodeGene(key=0, bias=-0.7937685260186814, response=1.0, activation=sigmoid, aggregation=sum)
	133 DefaultNodeGene(key=133, bias=0.21065622939161222, response=1.0, activation=sigmoid, aggregation=sum)
	134 DefaultNodeGene(key=134, bias=-1.3949313056192332, response=1.0, activation=sigmoid, aggregation=sum)
Connections:
	DefaultConnectionGene(key=(-2, 133), weight=-0.24949346680703063, enabled=True)
	DefaultConnectionGene(key=(-2, 134), weight=0.061451839526385915, enabled=True)
	DefaultConnectionGene(key=(-1, 134), weight=-1.1969439046427497, enabled=True)
	DefaultConnectionGene(key=(133, 0), weight=-0.292410257883633, enabled=True)
	DefaultConnectionGene(key=(133, 133), weight=1.5129552601261766, enabled=True)
	DefaultConnectionGene(key=(134, 0), weight=0.46177315417116943, enabled=True)
	DefaultConnectionGene(key=(134, 134), weight=0.7626592870366351, enabled=True)