Key: 175
Fitness: 0.856054964946669
Nodes:
	0 DefaultNodeGene(key=0, bias=-2.3564884911916315, response=1.0, activation=sigmoid, aggregation=sum)
	349 DefaultNodeGene(key=349, bias=0.7765722334395142, response=1.0, activation=sigmoid, aggregation=sum)
	350 DefaultNodeGene(key=350, bias=1.3238092170003497, response=1.0, activation=sigmoid, aggregation=sum)
Connections:
	DefaultConnectionGene(key=(-2, 349), weight=0.25442731224755244, enabled=True)
	DefaultConnectionGene(key=(-1, 349), weight=-0.38608881127656597, enabled=True)
	DefaultConnectionGene(key=(-1, 350), weight=-0.0908386620612334, enabled=True)
	DefaultConnectionGene(key=(0, 0), weight=-0.10941257586696308, enabled=True)
	DefaultConnectionGene(key=(349, 0), weight=0.27410273285662123, enabled=True)
	DefaultConnectionGene(key=(349, 349), weight=0.38336389311372615, enabled=True)
	DefaultConnectionGene(key=(350, 350), weight=0.2838537362644077, enabled=True)