Key: 4828587
Fitness: 0.9612376288654657
Nodes:
	0 DefaultNodeGene(key=0, bias=-0.26824952901599497, response=0.7045325787235293, activation=sigmoid, aggregation=sum)
	2255 DefaultNodeGene(key=2255, bias=-0.5149127853110929, response=0.0, activation=sigmoid, aggregation=sum)
	340999 DefaultNodeGene(key=340999, bias=-0.5389897343810356, response=0.06531394435083711, activation=sigmoid, aggregation=sum)
Connections:
	DefaultConnectionGene(key=(-2, 2255), weight=0.9894763606266522, enabled=True)
	DefaultConnectionGene(key=(-1, 340999), weight=0.9327972956113193, enabled=True)
	DefaultConnectionGene(key=(0, 0), weight=0.8314759563033481, enabled=True)
	DefaultConnectionGene(key=(0, 2255), weight=0.09566667240657627, enabled=True)
	DefaultConnectionGene(key=(2255, 0), weight=-1.0, enabled=True)
	DefaultConnectionGene(key=(2255, 2255), weight=1.0, enabled=True)
	DefaultConnectionGene(key=(340999, 0), weight=0.39629503957805945, enabled=True)
	DefaultConnectionGene(key=(340999, 2255), weight=-0.23535126623397595, enabled=True)
	DefaultConnectionGene(key=(340999, 340999), weight=0.878316478175263, enabled=True)