Key: 1389207
Fitness: 0.9587167769303386
Nodes:
	0 DefaultNodeGene(key=0, bias=0.22543128100206344, response=1.5501793455595523, activation=sigmoid, aggregation=sum)
	7069 DefaultNodeGene(key=7069, bias=-1.0, response=1.4174448129179436, activation=sigmoid, aggregation=sum)
	19749 DefaultNodeGene(key=19749, bias=-0.9872616788257704, response=1.1588098696643934, activation=sigmoid, aggregation=sum)
Connections:
	DefaultConnectionGene(key=(-2, 7069), weight=0.9717993437602007, enabled=True)
	DefaultConnectionGene(key=(-1, 7069), weight=-0.12722578102021914, enabled=True)
	DefaultConnectionGene(key=(-1, 19749), weight=0.962675717934764, enabled=True)
	DefaultConnectionGene(key=(7069, 0), weight=-1.0, enabled=True)
	DefaultConnectionGene(key=(7069, 7069), weight=0.2309079504004648, enabled=True)
	DefaultConnectionGene(key=(19749, 7069), weight=-0.19198941733687874, enabled=True)
	DefaultConnectionGene(key=(19749, 19749), weight=0.3131654595987612, enabled=True)