Key: 4734808
Fitness: 0.9670079631391398
Nodes:
	0 DefaultNodeGene(key=0, bias=0.6725293758882066, response=0.8280529279848297, activation=sigmoid, aggregation=sum)
	3724 DefaultNodeGene(key=3724, bias=-0.9635800523746156, response=0.4294751578606161, activation=sigmoid, aggregation=sum)
	9967 DefaultNodeGene(key=9967, bias=-0.5474280220757627, response=0.8392895236852028, activation=sigmoid, aggregation=sum)
Connections:
	DefaultConnectionGene(key=(-2, 3724), weight=1.0, enabled=True)
	DefaultConnectionGene(key=(-2, 9967), weight=0.38853884328357313, enabled=True)
	DefaultConnectionGene(key=(-1, 3724), weight=-0.23336751459572294, enabled=True)
	DefaultConnectionGene(key=(-1, 9967), weight=-0.27317767515530494, enabled=True)
	DefaultConnectionGene(key=(0, 9967), weight=0.16609600504160424, enabled=True)
	DefaultConnectionGene(key=(3724, 0), weight=-0.9828356132994043, enabled=True)
	DefaultConnectionGene(key=(3724, 3724), weight=0.8340266766525365, enabled=True)
	DefaultConnectionGene(key=(9967, 0), weight=-0.9712297367296161, enabled=True)
	DefaultConnectionGene(key=(9967, 3724), weight=0.9784088248118213, enabled=True)
	DefaultConnectionGene(key=(9967, 9967), weight=1.0, enabled=True)